LONGITUDE LATITUDE PRCP
-80.4644 33.3714 0.01
-80.4079 33.389 0.02
-80.2592 33.4887 0.01
-79.9598 33.6874 0.01
-80.3136 33.9024 0.01
-80.2956 33.9349 0.01
-80.2384 33.9524 0.01
-80.1601 33.9224 0.01
-80.2203 33.9849 0.01
-80.2022 34.0173 0.01
-80.1631 34.0023 0.01
-80.1841 34.0498 0.01
-79.7542 33.8833 0.01
-80.166 34.0823 0.01
-79.7748 33.9309 0.01
-79.7358 33.9157 0.01
-80.1478 34.1148 0.02
-79.7564 33.9633 0.01
-79.7174 33.948 0.01
-80.1689 34.1624 0.02
-80.1296 34.1474 0.01
-80.0903 34.1323 0.02
-79.738 33.9956 0.01
-79.699 33.9804 0.01
-79.66 33.9651 0.01
-80.1507 34.1949 0.01
-80.1114 34.1799 0.03
-80.0721 34.1648 0.03
-79.7586 34.0433 0.01
-79.7196 34.028 0.01
-79.6805 34.0127 0.01
-79.6415 33.9974 0.02
-79.4079 33.9051 0.01
-79.2915 33.8587 0.01
-80.0931 34.2124 0.02
-80.0538 34.1973 0.01
-79.7402 34.0757 0.01
-79.7011 34.0604 0.01
-79.662 34.0451 0.02
-79.623 34.0297 0.01
-79.584 34.0144 0.01
-79.506 33.9836 0.01
-79.7609 34.1233 0.01
-79.7217 34.1081 0.01
-79.6826 34.0927 0.01
-79.6435 34.0774 0.01
-79.6045 34.0621 0.01
-79.5654 34.0467 0.01
-79.5264 34.0313 0.02
-79.4875 34.0159 0.01
-79.4485 34.0005 0.01
-79.4096 33.985 0.01
-79.3707 33.9696 0.01
-79.3318 33.9541 0.01
-79.7424 34.1558 0.01
-79.7032 34.1404 0.01
-79.6641 34.1251 0.01
-79.625 34.1098 0.01
-79.5859 34.0944 0.02
-79.5469 34.079 0.01
-79.5079 34.0636 0.01
-79.4299 34.0328 0.01
-79.3909 34.0173 0.01
-79.352 34.0018 0.01
-79.3131 33.9863 0.02
-79.7631 34.2035 0.01
-79.6847 34.1728 0.01
-79.6456 34.1575 0.01
-79.6065 34.1422 0.02
-79.5674 34.1268 0.03
-79.5283 34.1114 0.01
-79.4892 34.096 0.01
-79.4502 34.0805 0.01
-79.4112 34.0651 0.01
-79.3722 34.0496 0.02
-79.3333 34.0341 0.01
-79.2944 34.0186 0.01
-79.2555 34.0031 0.02
-79.2166 33.9875 0.01
-79.7446 34.2359 0.01
-79.6662 34.2053 0.03
-79.627 34.1899 0.01
-79.5879 34.1745 0.01
-79.5488 34.1591 0.02
-79.5097 34.1437 0.03
-79.4706 34.1283 0.01
-79.3925 34.0974 0.01
-79.3535 34.0819 0.02
-79.3146 34.0664 0.02
-79.2756 34.0508 0.01
-79.1978 34.0197 0.02
-79.8833 34.3294 0.01
-79.7654 34.2836 0.04
-79.7261 34.2683 0.01
-79.6869 34.253 0.01
-79.6476 34.2377 0.02
-79.6084 34.2223 0.03
-79.5693 34.2069 0.03
-79.5301 34.1915 0.03
-79.491 34.1761 0.04
-79.4519 34.1606 0.01
-79.3738 34.1297 0.04
-79.3348 34.1142 0.01
-79.2958 34.0986 0.05
-79.2569 34.0831 0.03
-79.2179 34.0675 0.01
-79.179 34.0519 0.04
-79.1401 34.0363 0.01
-79.1013 34.0207 0.02
-80.1411 34.4682 0.01
-79.8649 34.3619 0.01
-79.8255 34.3467 0.02
-79.7862 34.3314 0.01
-79.7468 34.3161 0.03
-79.7075 34.3008 0.01
-79.6683 34.2854 0.02
-79.629 34.2701 0.01
-79.5898 34.2547 0.03
-79.5506 34.2393 0.07
-79.5115 34.2239 0.01
-79.4723 34.2084 0.03
-79.4332 34.193 0.03
-79.3941 34.1775 0.01
-79.3551 34.162 0.02
-79.3161 34.1465 0.06
-79.277 34.1309 0.02
-79.2381 34.1154 0.03
-79.1991 34.0998 0.04
-79.1602 34.0842 0.03
-79.1213 34.0686 0.05
-79.0824 34.0529 0.01
-80.0832 34.4857 0.01
-79.8464 34.3945 0.01
-79.807 34.3792 0.02
-79.7676 34.3639 0.04
-79.7283 34.3486 0.03
-79.689 34.3332 0.08
-79.6497 34.3179 0.01
-79.6104 34.3025 0.04
-79.5712 34.2871 0.01
-79.532 34.2717 0.03
-79.4928 34.2562 0.06
-79.4536 34.2408 0.04
-79.4145 34.2253 0.03
-79.3754 34.2098 0.03
-79.3363 34.1943 0.02
-79.2973 34.1788 0.06
-79.2582 34.1632 0.03
-79.2192 34.1476 0.04
-79.1803 34.132 0.03
-79.1024 34.1008 0.03
-79.0635 34.0851 0.01
-80.0253 34.5031 0.01
-79.7884 34.4117 0.02
-79.7491 34.3964 0.02
-79.7097 34.381 0.03
-79.6704 34.3657 0.07
-79.6311 34.3503 0.02
-79.5918 34.3349 0.04
-79.5525 34.3195 0.02
-79.5133 34.3041 0.01
-79.4741 34.2886 0.09
-79.4349 34.2731 0.03
-79.3958 34.2577 0.02
-79.3566 34.2421 0.03
-79.3175 34.2266 0.02
-79.2785 34.2111 0.05
-79.2394 34.1955 0.06
-79.2004 34.1799 0.02
-79.1614 34.1643 0.05
-79.1224 34.1487 0.03
-79.0835 34.133 0.06
-79.0446 34.1173 0.01
-80.0068 34.5357 0.01
-79.8488 34.4748 0.01
-79.8093 34.4595 0.01
-79.7699 34.4442 0.02
-79.7305 34.4289 0.02
-79.6911 34.4135 0.05
-79.6518 34.3981 0.06
-79.6124 34.3828 0.12
-79.5731 34.3673 0.04
-79.5339 34.3519 0.07
-79.4946 34.3365 0.04
-79.4554 34.321 0.04
-79.4162 34.3055 0.07
-79.377 34.29 0.03
-79.3379 34.2745 0.03
-79.2987 34.2589 0.03
-79.2596 34.2434 0.03
-79.2206 34.2278 0.06
-79.1815 34.2122 0.04
-79.1425 34.1965 0.04
-79.1035 34.1809 0.03
-79.0256 34.1495 0.04
-80.028 34.5835 0.01
-79.9884 34.5683 0.02
-79.7908 34.492 0.02
-79.7513 34.4767 0.04
-79.7119 34.4613 0.03
-79.6725 34.446 0.03
-79.6331 34.4306 0.1
-79.5938 34.4152 0.13
-79.5544 34.3998 0.06
-79.5151 34.3843 0.06
-79.4759 34.3689 0.07
-79.4366 34.3534 0.03
-79.3974 34.3379 0.05
-79.3582 34.3224 0.05
-79.319 34.3068 0.06
-79.2799 34.2913 0.04
-79.2408 34.2757 0.02
-79.2017 34.2601 0.04
-79.1626 34.2445 0.08
-79.1236 34.2288 0.04
-79.0846 34.2131 0.06
-79.0456 34.1975 0.03
-79.0066 34.1818 0.04
-78.9677 34.166 0.01
-79.9699 34.6009 0.01
-79.9303 34.5857 0.02
-79.8117 34.5399 0.01
-79.7722 34.5245 0.03
-79.7327 34.5092 0.04
-79.6932 34.4938 0.04
-79.6538 34.4785 0.02
-79.6144 34.4631 0.04
-79.5751 34.4476 0.13
-79.5357 34.4322 0.13
-79.4964 34.4168 0.06
-79.4571 34.4013 0.1
-79.4178 34.3858 0.04
-79.3786 34.3703 0.02
-79.3394 34.3547 0.07
-79.3002 34.3392 0.09
-79.261 34.3236 0.05
-79.2219 34.308 0.03
-79.1828 34.2924 0.04
-79.1437 34.2767 0.08
-79.1046 34.2611 0.05
-79.0656 34.2454 0.04
-79.0266 34.2297 0.04
-79.9118 34.6183 0.03
-79.8722 34.603 0.02
-79.7535 34.5571 0.01
-79.7141 34.5417 0.04
-79.6746 34.5263 0.05
-79.6351 34.511 0.02
-79.5957 34.4955 0.04
-79.5563 34.4801 0.09
-79.517 34.4647 0.13
-79.4776 34.4492 0.08
-79.4383 34.4337 0.07
-79.399 34.4182 0.07
-79.3598 34.4026 0.06
-79.3205 34.3871 0.04
-79.2813 34.3715 0.07
-79.2422 34.3559 0.05
-79.203 34.3403 0.04
-79.1639 34.3247 0.02
-79.1248 34.309 0.07
-79.0857 34.2934 0.07
-79.0466 34.2777 0.04
-79.8932 34.6509 0.02
-79.8536 34.6356 0.03
-79.814 34.6203 0.01
-79.7744 34.605 0.02
-79.7349 34.5896 0.02
-79.6954 34.5742 0.04
-79.6559 34.5589 0.06
-79.6164 34.5434 0.05
-79.577 34.528 0.03
-79.5376 34.5126 0.1
-79.4982 34.4971 0.22
-79.4588 34.4816 0.15
-79.4195 34.4661 0.1
-79.3802 34.4506 0.11
-79.3409 34.435 0.05
-79.3017 34.4195 0.04
-79.2624 34.4039 0.06
-79.2232 34.3883 0.14
-79.1841 34.3726 0.04
-79.1449 34.357 0.04
-79.835 34.6682 0.03
-79.7954 34.6529 0.02
-79.7558 34.6375 0.03
-79.7162 34.6221 0.01
-79.6767 34.6068 0.03
-79.6372 34.5914 0.05
-79.5977 34.5759 0.06
-79.5583 34.5605 0.05
-79.5188 34.545 0.09
-79.4794 34.5296 0.2
-79.44 34.514 0.19
-79.4007 34.4985 0.09
-79.3614 34.483 0.08
-79.3221 34.4674 0.05
-79.2828 34.4518 0.06
-79.2435 34.4362 0.05
-79.8164 34.7008 0.04
-79.7767 34.6854 0.06
-79.7371 34.6701 0.05
-79.6975 34.6547 0.04
-79.658 34.6393 0.02
-79.6185 34.6239 0.05
-79.579 34.6084 0.08
-79.5395 34.593 0.1
-79.5 34.5775 0.08
-79.4606 34.562 0.15
-79.4212 34.5465 0.23
-79.3818 34.5309 0.12
-79.3425 34.5154 0.12
-79.7977 34.7334 0.02
-79.7581 34.718 0.04
-79.7184 34.7026 0.07
-79.6788 34.6872 0.11
-79.6392 34.6718 0.04
-79.5997 34.6564 0.04
-79.5602 34.6409 0.08
-79.5207 34.6255 0.1
-79.4812 34.61 0.13
-79.4417 34.5945 0.13
-79.4023 34.5789 0.19
-79.779 34.766 0.01
-79.7394 34.7506 0.03
-79.6997 34.7352 0.1
-79.6601 34.7198 0.06
-79.6205 34.7044 0.05
-79.5809 34.6889 0.08
-79.5414 34.6735 0.08
-79.5018 34.658 0.09
-79.7206 34.7832 0.03
-79.681 34.7678 0.05
-79.6413 34.7524 0.09
-79.6017 34.7369 0.1
-82.7409 34.5006 0
-82.5648 34.9474 0
-82.6912 34.6004 0
-80.3582 32.6289 0
-80.3899 32.4858 0
-80.3725 32.5179 0
-80.4901 32.6408 0
-80.9023 32.9915 0
-80.8135 32.7252 0
-80.2911 32.8364 0
-80.0237 32.7324 0
-80.9382 32.2312 0
-80.5803 32.559 0
-79.0057 34.1016 0
-79.8954 33.4655 0
-80.5041 32.5298 0
-81.2537 34.8026 0
-81.7668 34.8284 0
-81.0576 34.8103 0
-81.6368 34.078 0
-81.9381 34.2239 0
-82.811 34.8353 0
-80.602 33.4628 0
-81.5128 34.8562 0
-81.6186 34.384 0
-81.4518 34.5202 0
-81.9961 34.4783 0
-81.0838 34.2297 0
-80.6357 34.6153 0
-80.5597 34.6659 0
-80.9638 34.8945 0
-80.4119 34.4128 0
-80.208 34.6919 0
-80.0776 34.3251 0
-80.3477 34.27 0
-80.6897 34.5169 0
-82.5586 34.2058 0
-82.4648 34.0186 0
-82.5796 34.4459 0
-82.4019 34.4241 0
-82.5506 34.7865 0
-82.3985 34.1508 0
-82.2503 34.7229 0
-82.2634 34.8837 0
-79.8957 34.7314 0
-81.4567 33.0803 0
-81.3159 33.2613 0
-81.2442 33.6629 0
-81.9601 33.9981 0
-81.6564 33.2302 0
-81.293 33.8367 0
-81.0485 33.9425 0
-81.8014 33.6698 0
-81.5983 33.7914 0
-81.1273 33.9715 0
-80.9955 34.3937 0
-80.3392 34.5435 0
-82.4933 34.8061 0
-79.8404 32.8947 0
-79.8045 32.9589 0
-79.1953 33.8598 0
-81.7203 35.0085 0
-81.7029 35.0416 0
-81.4935 35.1644 0
-81.2909 35.092 0
-78.7331 33.8314 0
-81.2363 33.8551 0
-80.7966 33.5361 0
-80.3242 33.2005 0
-80.6299 33.239 0
-80.4997 33.3067 0
-80.1758 33.2998 0
-80.9612 33.7537 0
-80.6445 33.5571 0
-80.6659 33.6043 0
-80.7888 33.377 0
-80.8437 33.71 0
-80.4278 33.8672 0
-81.5076 34.7757 0
-81.6743 34.9136 0
-80.121 33.9073 0
-80.5738 33.687 0
-82.2738 34.77 0
-80.8051 34.4809 0
-79.6437 33.3271 0
-79.809 33.1174 0
-79.2247 33.3173 0
-79.6314 33.5981 0
-79.2127 33.7478 0
-79.395 33.2675 0
-79.9779 33.655 0
-79.6354 33.7577 0
-79.2513 33.7633 0
-79.8136 33.2762 0
-82.9594 34.5351 0
-81.2566 32.5817 0
-81.3935 32.6708 0
-81.8741 33.347 0
-80.5214 32.4977 0
-80.0946 32.6042 0
-80.9043 32.2955 0
-80.8873 32.3276 0
-80.706 32.8397 0
-80.4476 32.9746 0
-80.5351 32.8135 0
-80.6812 32.7139 0
-80.3325 32.9304 0
-80.5177 32.8457 0
-80.2568 34.4331 0
-82.0778 33.7677 0
-81.5023 34.6953 0
-81.568 34.2095 0
-81.1234 34.2443 0
-81.556 34.3225 0
-81.8766 34.9848 0
-81.2458 34.0148 0
-81.974 34.7052 0
-81.1371 34.4849 0
-81.5266 34.4686 0
-81.9972 34.7524 0
-81.1946 34.4665 0
-80.7187 33.5068 0
-80.7279 34.098 0
-80.9735 34.3463 0
-80.7574 34.3057 0
-80.1712 34.7573 0
-80.7811 34.0001 0
-80.4379 34.1071 0
-80.9236 34.8797 0
-80.7535 34.2255 0
-81.4488 34.1666 0
-80.193 34.2902 0
-82.1505 34.4541 0
-82.6953 34.2136 0
-82.2619 34.1425 0
-82.0917 34.1999 0
-82.7171 34.4537 0
-82.315 34.3163 0
-82.5866 34.5261 0
-82.0764 34.5064 0
-79.8023 34.2187 0
-79.0435 34.0373 0
-81.4796 34.6479 0
-80.277 33.4563 0
-81.3276 33.7713 0
-81.1342 33.0779 0
-81.8856 33.5059 0
-81.3573 33.0052 0
-81.3571 33.6262 0
-81.5395 33.1879 0
-81.4108 33.2573 0
-81.7562 33.848 0
-81.5522 33.9696 0
-81.976 33.693 0
-80.7613 34.3859 0
-80.527 34.8121 0
-82.6151 34.8474 0
-79.9372 32.9719 0
-79.8821 33.6571 0
-82.1717 34.9696 0
-79.0415 33.8773 0
-81.1472 35.0007 0
-81.8652 35.0986 0
-81.1161 35.1475 0
-79.5687 33.3762 0
-78.7913 33.895 0
-79.5821 33.9344 0
-80.8775 33.9968 0
-80.1458 33.5235 0
-80.6056 33.5424 0
-80.1401 33.3643 0
-80.2443 33.6007 0
-80.8382 33.9821 0
-80.7556 33.8729 0
-80.2534 33.84 0
-80.2795 33.027 0
-80.4963 33.2273 0
-80.2143 33.825 0
-80.8125 33.855 0
-81.9448 34.5776 0
-81.3497 33.8184 0
-80.2688 34.2401 0
-80.5667 33.5276 0
-80.4601 33.7224 0
-82.2244 34.4018 0
-82.687 34.9887 0
-82.4665 34.9532 0
-82.0796 35.0554 0
-82.4158 35.0532 0
-82.1781 35.0502 0
-82.1375 35.0362 0
-79.8451 33.0532 0
-79.6558 33.0568 0
-79.5832 33.1851 0
-79.4989 33.6641 0
-79.9601 33.0983 0
-79.7004 33.3102 0
-79.8654 33.1004 0
-79.7955 33.3084 0
-79.6006 33.9021 0
-79.4334 33.2828 0
-82.1184 34.7946 0
-81.3766 32.7032 0
-81.172 32.7434 0
-79.7293 33.6761 0
-81.3718 32.6243 0
-79.2617 33.2533 0
-80.6185 32.5736 0
-80.804 32.9156 0
-80.282 32.5994 0
-80.2468 32.6636 0
-80.1438 32.9354 0
-80.5976 32.5269 0
-80.0034 32.6854 0
-80.4279 32.5005 0
-80.9721 32.167 0
-80.7406 32.7752 0
-83.0884 34.8497 0
-82.5377 33.9661 0
-82.4581 33.9388 0
-82.1527 33.988 0
-81.1379 34.8395 0
-81.4191 34.3125 0
-81.455 34.8749 0
-81.611 34.8518 0
-81.3471 34.0908 0
-81.0573 34.1024 0
-81.4017 34.3454 0
-81.6874 34.2522 0
-81.3618 34.9597 0
-81.128 34.3244 0
-81.4374 34.908 0
-81.225 34.3206 0
-81.9861 34.8661 0
-82.6891 34.7944 0
-80.1572 33.8425 0
-80.6051 33.1127 0
-80.4433 33.3243 0
-80.0918 33.6205 0
-81.7844 33.9748 0
-80.2416 34.5461 0
-80.144 34.5486 0
-80.0945 34.8076 0
-80.682 34.3564 0
-80.6319 34.5349 0
-80.6032 34.7613 0
-80.2203 34.4984 0
-80.9999 34.474 0
-80.3027 34.6089 0
-80.3789 34.5585 0
-80.0322 33.5581 0
-82.0625 34.073 0
-82.5254 34.2721 0
-82.3383 34.3633 0
-82.121 34.3269 0
-82.5912 34.8003 0
-82.7118 34.1804 0
-82.6057 34.2994 0
-82.0424 34.5726 0
-79.8392 34.1539 0
-79.9152 34.1042 0
-79.8279 34.427 0
-79.8771 34.764 0
-81.4508 33.894 0
-81.5668 33.314 0
-81.4887 33.2857 0
-81.9809 33.5011 0
-81.0267 33.1933 0
-81.0526 33.3196 0
-81.6718 33.74 0
-81.2349 33.5037 0
-81.173 33.0923 0
-81.8965 33.3937 0
-79.6377 33.0889 0
-79.8138 33.9462 0
-79.8528 33.9614 0
-81.0486 34.6493 0
-81.5463 35.065 0
-81.4706 35.1169 0
-81.2101 35.0629 0
-81.1115 35.0668 0
-81.7002 33.5948 0
-81.0225 33.114 0
-80.1494 33.0939 0
-80.7286 33.3153 0
-80.7713 33.4094 0
-80.8678 33.0562 0
-80.752 33.0126 0
-80.3805 33.183 0
-80.7125 33.7784 0
-80.5948 33.3038 0
-80.8356 33.5507 0
-80.7517 33.7931 0
-80.4256 33.3566 0
-80.1608 33.4116 0
-81.0999 33.1428 0
-81.9307 33.5995 0
-81.7392 33.8808 0
-80.8693 33.837 0
-78.8313 34.0708 0
-78.7925 34.055 0
-81.9569 34.7383 0
-80.2683 33.7277 0
-82.1203 35.0694 0
-80.6087 33.192 0
-79.6801 33.2629 0
-79.523 33.0432 0
-79.2985 33.1893 0
-79.8 33.4675 0
-79.3184 33.2367 0
-79.7122 33.0399 0
-79.7454 33.5642 0
-79.1342 33.6369 0
-79.791 33.1495 0
-79.0197 33.6699 0
-82.4021 34.8922 0
-81.0354 32.3064 0
-81.4636 32.8895 0
-81.4467 32.922 0
-79.2527 33.8431 0
-82.6724 34.8277 0
-80.2614 32.5525 0
-80.9511 32.1205 0
-80.6666 32.3984 0
-80.0823 32.7943 0
-80.5353 32.3868 0
-80.7427 32.4274 0
-80.7903 32.2523 0
-80.9499 32.8153 0
-80.8862 32.6752 0
-80.7579 32.743 0
-81.4344 34.5532 0
-79.4534 33.3302 0
-82.1674 33.6829 0
-82.395 33.8783 0
-80.3902 33.4213 0
-81.8468 34.0358 0
-81.7616 34.2005 0
-81.3694 34.138 0
-81.3917 34.1852 0
-81.0308 34.6822 0
-81.1247 34.9531 0
-81.2648 34.335 0
-81.2473 34.3679 0
-81.0796 34.5032 0
-81.6403 34.7052 0
-81.7325 34.6203 0
-79.7729 33.1817 0
-81.3967 34.2652 0
-80.7513 34.5793 0
-80.4345 34.027 0
-80.5776 34.1991 0
-80.369 34.3176 0
-80.9118 34.2843 0
-80.2295 34.7397 0
-80.3756 34.4781 0
-80.113 34.7749 0
-80.3509 34.3502 0
-80.0566 34.2774 0
-81.4147 34.8605 0
-82.8861 34.5882 0
-82.6152 34.1863 0
-82.9026 34.5549 0
-82.8217 34.5278 0
-82.9343 34.682 0
-82.1041 34.36 0
-82.0266 34.8802 0
-82.577 34.6396 0
-79.8968 34.1366 0
-79.1413 34.1164 0
-79.3798 33.4586 0
-81.7729 34.3607 0
-80.1637 33.4911 0
-81.5484 33.6178 0
-81.0568 33.0492 0
-81.4497 33.2715 0
-81.6894 33.4358 0
-81.3816 33.4019 0
-81.2427 33.3121 0
-81.9416 33.4871 0
-81.5733 33.1228 0
-81.7052 33.9465 0
-81.4749 33.6691 0
-82.4286 34.2777 0
-80.1044 34.5334 0
-80.8942 32.8332 0
-79.9168 32.9248 0
-82.4322 34.5513 0
-79.7152 33.8681 0
-78.8686 33.9266 0
-80.0449 33.3666 0
-80.141 32.8562 0
-79.5191 33.7117 0
-81.9314 33.8713 0
-81.8182 33.3658 0
-81.3254 33.4202 0
-81.4477 33.5425 0
-81.8803 33.6979 0
-81.1694 33.3628 0
-81.1048 33.5726 0
-81.9204 33.984 0
-81.227 33.6955 0
-81.018 33.3846 0
-80.6594 33.8761 0
-80.0456 33.9571 0
-80.5455 33.051 0
-80.7732 33.0595 0
-80.419 33.1978 0
-80.7771 33.1388 0
-80.2056 33.0766 0
-80.7346 33.0449 0
-80.4895 33.0686 0
-80.461 33.2919 0
-80.4814 33.7697 0
-80.7154 34.6449 0
-81.2302 33.4241 0
-81.0222 33.8154 0
-80.0848 33.9722 0
-81.6431 33.8853 0
-81.1177 33.4605 0
-82.6746 34.6337 0
-81.3103 33.804 0
-82.1094 35.1834 0
-79.2672 33.5716 0
-79.3058 33.5871 0
-79.6357 33.0096 0
-79.2221 33.1585 0
-79.6962 33.1514 0
-79.7818 33.4997 0
-79.2049 33.2699 0
-79.1319 33.4775 0
-79.6375 33.8375 0
-79.863 33.0211 0
-82.7556 34.661 0
-81.1935 32.79 0
-81.3356 32.9586 0
-81.0311 32.9232 0
-81.1845 32.6321 0
-81.3119 32.5636 0
-80.1753 33.81 0
-80.9114 32.8009 0
-80.9967 32.988 0
-80.6466 32.7783 0
-80.5036 32.9571 0
-80.4268 32.9277 0
-80.2765 32.9478 0
-80.7924 32.6785 0
-80.2294 34.225 0
-80.1502 32.587 0
-80.8228 32.5351 0
-81.4763 34.2939 0
-83.072 34.8832 0
-83.2922 34.7226 0
-83.276 34.756 0
-83.1536 34.9101 0
-83.1132 34.7025 0
-81.044 33.5112 0
-82.909 34.8291 0
-80.0547 34.7924 0
-81.8186 34.455 0
-81.6175 34.6579 0
-81.1781 34.8541 0
-81.7035 34.7668 0
-81.3422 34.0108 0
-81.4314 34.1995 0
-81.6132 34.3039 0
-81.8707 34.9042 0
-81.9322 34.1439 0
-81.6294 34.5445 0
-81.4068 34.4256 0
-81.9218 34.5304 0
-81.6973 34.961 0
-80.0648 34.5183 0
-80.2693 34.7548 0
-81.6703 34.2851 0
-81.9689 34.8993 0
-80.4085 34.3325 0
-80.0226 34.4228 0
-80.5851 34.7942 0
-80.5488 34.4248 0
-80.9558 34.3791 0
-80.8531 34.6564 0
-80.2082 34.1775 0
-80.9099 34.9933 0
-80.2987 34.0148 0
-81.0664 34.6164 0
-82.1485 34.1808 0
-82.8186 34.9158 0
-82.5185 34.1921 0
-82.1462 34.6478 0
-82.7037 34.9553 0
-82.7078 34.5671 0
-82.3583 34.6039 0
-82.5393 34.4322 0
-79.7239 34.1882 0
-79.7793 34.0909 0
-80.6734 33.7637 0
-81.7845 33.7026 0
-81.5536 33.6975 0
-81.4578 33.7018 0
-81.3027 33.9964 0
-81.1222 33.5401 0
-81.7567 33.305 0
-81.126 33.269 0
-81.0223 33.4642 0
-81.2634 34.9638 0
-81.8296 33.7964 0
-82.3548 34.7978 0
-80.0328 34.1497 0
-80.6207 34.2941 0
-80.1101 34.6943 0
-80.7373 34.6925 0
-82.7297 34.808 0
-79.5975 32.9944 0
-79.617 33.7899 0
-79.1331 33.5572 0
-79.0813 33.9729 0
-80.4145 33.5481 0
-80.6453 33.9886 0
-80.4491 33.9145 0
-80.7423 33.2035 0
-80.7324 33.3948 0
-80.2473 33.6804 0
-80.0502 33.5258 0
-80.9003 33.692 0
-80.1515 33.6829 0
-80.1166 33.2377 0
-80.3967 33.5806 0
-80.8045 33.6954 0
-80.2925 33.8549 0
-81.2864 33.4059 0
-80.6292 32.8106 0
-80.8782 32.5174 0
-80.4827 32.9102 0
-80.6256 32.7315 0
-80.1792 32.8711 0
-80.6365 32.9688 0
-80.7599 32.3952 0
-80.0769 32.6362 0
-80.1707 32.6339 0
-80.9033 32.6429 0
-80.7401 33.5539 0
-79.9937 34.7293 0
-80.5451 34.7792 0
-79.8544 33.3708 0
-79.6763 33.8528 0
-79.6151 33.7101 0
-79.5357 33.5997 0
-79.1389 33.9563 0
-79.3691 33.8896 0
-79.6498 33.5659 0
-79.8497 33.2119 0
-79.3273 33.7144 0
-79.4483 33.092 0
-79.2446 33.3648 0
-81.0951 32.7148 0
-81.2705 32.8186 0
-81.7231 33.3704 0
-81.9365 33.6791 0
-81.3595 33.978 0
-79.0603 33.8452 0
-79.7498 33.7236 0
-80.5733 32.4014 0
-80.4092 32.9599 0
-80.5735 32.8282 0
-80.9675 32.4351 0
-80.1735 32.7129 0
-80.5805 32.9865 0
-80.1082 32.9997 0
-80.997 32.6394 0
-80.466 32.5151 0
-80.7233 32.8075 0
-83.2677 34.6758 0
-83.3084 34.6891 0
-82.1903 33.7296 0
-82.3387 33.8975 0
-82.1966 33.8093 0
-82.249 33.9827 0
-80.2599 34.5134 0
-79.366 33.7299 0
-81.3075 34.0764 0
-81.968 34.6248 0
-81.5402 34.0824 0
-81.3867 34.1051 0
-81.1493 34.0187 0
-81.8528 34.3889 0
-81.3165 34.8646 0
-80.4266 34.2999 0
-81.1888 34.0331 0
-81.8645 34.5494 0
-80.9682 34.9751 0
-79.7658 33.6116 0
-80.789 34.1601 0
-80.9151 34.7187 0
-80.4481 34.3475 0
-80.2876 34.7221 0
-80.4627 34.2346 0
-80.1382 34.3879 0
-80.6782 34.2762 0
-80.0095 34.6161 0
-80.6424 34.3416 0
-80.793 34.2402 0
-82.1548 34.2608 0
-82.1843 34.3879 0
-82.3106 34.9782 0
-82.5171 34.8532 0
-82.4259 34.9393 0
-82.5241 34.9336 0
-82.6293 34.3463 0
-82.2684 34.2225 0
-79.8624 34.2817 0
-79.0246 34.0694 0
-79.8697 34.5226 0
-79.9329 34.6661 0
-81.3206 33.3407 0
-81.4598 33.4303 0
-81.0397 33.4316 0
-81.5313 33.6506 0
-81.8239 33.7167 0
-81.1387 33.1572 0
-81.2757 33.8694 0
-81.7277 33.9935 0
-81.9642 33.5339 0
-81.1305 33.3485 0
-79.5119 33.393 0
-81.1992 33.2184 0
-79.9144 32.8457 0
-79.8607 32.9419 0
-81.7434 35.0559 0
-81.5639 35.0318 0
-81.3136 35.1397 0
-81.9811 35.0605 0
-78.8286 33.751 0
-78.9641 33.846 0
-78.8097 33.7831 0
-78.9065 33.8624 0
-78.8876 33.8945 0
-78.8306 33.9908 0
-78.6373 33.9116 0
-80.3117 32.8834 0
-80.078 33.2227 0
-80.7225 33.5864 0
-80.7439 33.6336 0
-80.517 33.7047 0
-80.4568 33.6426 0
-80.0375 33.7175 0
-79.4735 33.3777 0
-80.0089 33.4311 0
-80.8276 33.3916 0
-80.3724 33.4537 0
-80.3328 34.3829 0
-81.6121 33.1369 0
-80.8396 33.6303 0
-82.6943 35.0692 0
-82.4327 35.0199 0
-82.4566 35.0671 0
-79.7685 33.023 0
-79.2631 33.3328 0
-79.3413 33.4432 0
-79.4183 33.474 0
-79.4063 33.8252 0
-79.5928 33.5828 0
-79.8274 33.754 0
-79.3474 33.7621 0
-79.0037 33.9416 0
-81.0185 32.3385 0
-81.3477 32.847 0
-81.2969 32.9443 0
-81.2026 32.9482 0
-81.0311 32.5749 0
-81.4249 32.8754 0
-81.1417 32.539 0
-81.2014 32.5998 0
-81.1298 32.9987 0
-81.249 32.7719 0
-80.2504 33.7602 0
-79.3877 33.8574 0
-81.413 32.987 0
-81.0226 32.7651 0
-81.1165 32.7614 0
-81.0911 32.9844 0
-81.7112 33.7541 0
-81.1613 33.5545 0
-81.2412 32.9625 0
-80.9423 32.3099 0
-80.6948 32.6027 0
-80.877 32.8655 0
-80.9334 32.4996 0
-80.5456 32.6233 0
-80.9253 32.342 0
-80.8112 32.2988 0
-80.9925 32.9088 0
-80.7694 32.9803 0
-80.8322 32.3454 0
-79.556 33.6473 0
-82.2438 34.6425 0
-83.0155 34.709 0
-79.2313 33.7156 0
-80.5308 34.4575 0
-80.3971 34.5258 0
-80.2146 32.8068 0
-79.6131 33.6303 0
-81.3249 34.0436 0
-81.944 34.304 0
-81.3544 34.5244 0
-81.3193 34.5903 0
-81.1109 34.7114 0
-81.2679 34.062 0
-81.2842 34.6562 0
-81.2006 34.9016 0
-81.0751 34.4229 0
-81.7264 34.8142 0
-80.7384 33.1242 0
-82.9178 34.7154 0
-80.4842 34.2822 0
-80.0492 34.6313 0
-80.6097 34.0538 0
-80.7395 34.3384 0
-80.8655 34.8979 0
-80.4334 34.4604 0
-80.1499 34.7095 0
-81.9152 34.1769 0
-80.9644 34.5397 0
-80.4618 34.6689 0
-80.2111 34.7724 0
-80.8463 34.1421 0
-82.0794 34.04 0
-82.57 34.5593 0
-82.5281 34.079 0
-82.7482 34.5808 0
-82.2916 34.2694 0
-82.6316 34.1531 0
-82.3317 34.2832 0
-82.1611 34.3409 0
-82.218 34.3217 0
-79.8883 34.49 0
-81.6502 33.4217 0
-81.779 33.3517 0
-81.7222 33.9137 0
-81.0266 33.8953 0
-81.3889 33.2105 0
-81.2163 33.1859 0
-81.9938 33.9322 0
-81.9483 33.8384 0
-81.0784 33.096 0
-80.8891 33.1031 0
-80.4855 33.4186 0
-79.8179 32.7685 0
-79.8202 32.8476 0
-79.2062 33.3494 0
-81.3017 34.6232 0
-81.3719 35.1211 0
-79.0748 33.494 0
-82.1076 34.9083 0
-78.6946 33.8155 0
-78.7527 33.8792 0
-80.0753 33.1433 0
-80.9697 33.9134 0
-80.7654 33.6808 0
-80.2323 33.2824 0
-80.9702 33.5618 0
-80.8706 33.4857 0
-80.556 33.2891 0
-82.6797 34.9082 0
-80.1523 33.1732 0
-80.082 33.8923 0
-81.1514 33.0455 0
-81.0182 33.0348 0
-81.3914 33.5609 0
-79.3751 33.2201 0
-78.8116 34.0229 0
-78.7728 34.0071 0
-79.0614 33.9251 0
-82.2832 35.1255 0
-82.2017 35.0975 0
-82.8912 35.0569 0
-79.8248 33.006 0
-79.2287 33.5561 0
-79.0979 33.7809 0
-79.6579 33.1362 0
-79.8317 33.2441 0
-79.4619 33.7285 0
-79.4265 33.8728 0
-79.8568 33.4504 0
-79.27 33.7311 0
-80.5381 34.1843 0
-81.3166 32.6425 0
-81.2613 32.6606 0
-81.0864 32.557 0
-81.1335 32.7291 0
-81.0012 32.7184 0
-81.1029 32.1777 0
-81.1203 32.4924 0
-81.3646 32.8146 0
-81.2665 34.6891 0
-81.6695 34.5587 0
-82.3418 34.1701 0
-80.9754 32.9412 0
-80.577 32.9073 0
-80.9003 32.2169 0
-80.1027 32.8413 0
-80.0138 33.0019 0
-80.4787 33.2596 0
-80.5666 33.098 0
-80.4635 33.8022 0
-80.4211 33.7075 0
-80.6548 33.3655 0
-80.2648 33.1385 0
-80.6575 33.0157 0
-80.6686 33.2537 0
-80.4719 33.1009 0
-83.2515 34.7092 0
-83.0077 34.6287 0
-83.1292 34.8632 0
-83.0226 34.9836 0
-82.2069 33.6967 0
-82.3055 33.9635 0
-82.2092 33.9689 0
-81.5574 34.0495 0
-81.1189 34.1642 0
-81.3944 34.5388 0
-81.5653 34.757 0
-81.813 34.9232 0
-81.3172 34.2365 0
-81.4118 34.5058 0
-80.8073 32.2202 0
-80.4368 34.5408 0
-81.0441 34.2152 0
-81.9517 34.9325 0
-79.3072 33.6668 0
-82.9409 34.9565 0
-80.274 33.3768 0
-79.3613 33.4907 0
-80.6566 34.2287 0
-80.4165 34.0596 0
-80.6669 34.0359 0
-80.4515 34.4277 0
-80.2813 34.5612 0
-80.0889 34.6465 0
-81.664 34.4785 0
-81.9911 34.672 0
-80.7295 34.5317 0
-80.5885 34.4397 0
-80.1812 33.9698 0
-82.7739 34.434 0
-82.8848 34.7821 0
-82.739 34.6944 0
-82.1865 34.6618 0
-82.8427 34.9628 0
-82.3113 34.5098 0
-82.4824 34.4517 0
-82.4725 34.5651 0
-82.9905 34.8562 0
-79.9488 34.5531 0
-79.8326 34.5877 0
-80.7111 33.3478 0
-80.1908 33.1881 0
-81.2117 33.1066 0
-81.2071 33.0274 0
-81.3111 33.182 0
-81.1132 33.381 0
-81.5759 33.7444 0
-81.3007 33.6446 0
-81.2835 33.6772 0
-81.6826 33.8995 0
-81.3324 33.8511 0
-81.7117 33.4825 0
-81.7501 34.3135 0
-81.3869 34.7325 0
-79.876 34.089 0
-79.881 32.989 0
-79.7663 32.9438 0
-79.9501 32.7815 0
-79.8941 32.7986 0
-80.0484 34.0371 0
-81.4377 33.3835 0
-81.9145 33.9042 0
-78.8476 33.719 0
-78.6564 33.8796 0
-80.6612 33.095 0
-80.3628 33.2153 0
-80.3003 33.074 0
-80.3528 33.9173 0
-80.2294 33.7128 0
-80.6128 33.7017 0
-80.5984 33.3832 0
-80.3073 33.7427 0
-80.3211 33.1211 0
-80.1782 33.8899 0
-79.8615 33.6097 0
-80.5127 34.4903 0
-82.439 34.6315 0
-82.0192 34.5255 0
-80.8953 32.4852 0
-80.0601 33.2549 0
-82.4428 34.906 0
-80.6226 33.0804 0
-81.0397 33.0816 0
-79.9013 33.0362 0
-79.7773 33.3406 0
-79.5376 33.6795 0
-79.1927 33.7001 0
-79.3675 33.8097 0
-79.621 33.9497 0
-79.6884 33.5812 0
-79.996 33.6227 0
-79.5579 33.727 0
-79.3116 33.9064 0
-80.374 33.0244 0
-81.1594 34.5323 0
-81.1034 32.5247 0
-81.4151 32.7173 0
-81.4299 32.9545 0
-81.0868 32.9052 0
-81.1505 32.6968 0
-81.1116 32.3349 0
-80.9409 33.0059 0
-80.2145 33.3147 0
-80.107 33.5085 0
-80.7271 32.8866 0
-80.5838 32.6379 0
-80.2941 32.9156 0
-80.7315 32.1913 0
-80.8018 32.4885 0
-80.6849 32.7929 0
-80.57 32.7491 0
-80.7808 32.4418 0
-80.5143 32.7667 0
-80.3532 32.9774 0
-83.0562 34.7225 0
-82.4183 33.925 0
-79.7476 33.6439 0
-81.5282 34.1952 0
-81.984 34.318 0
-81.176 34.1459 0
-81.8243 34.5352 0
-81.7841 34.7953 0
-81.6164 34.9324 0
-81.5162 34.3082 0
-81.0754 34.7773 0
-81.1817 34.5797 0
-81.4782 34.021 0
-81.1519 35.0814 0
-81.8999 35.0321 0
-81.8593 35.018 0
-81.8885 35.1461 0
-81.691 35.1555 0
-81.6449 35.0605 0
-81.5234 35.0174 0
-81.7898 35.1509 0
-81.4249 35.0217 0
-81.3668 35.0404 0
-80.9253 34.1714 0
-80.9908 34.6676 0
-80.9245 34.525 0
-80.0149 34.7771 0
-80.2657 34.1599 0
-80.1867 34.6441 0
-80.7115 34.5645 0
-80.6793 34.7105 0
-80.349 34.7849 0
-81.6819 34.1721 0
-82.3281 34.4766 0
-82.4834 34.9198 0
-82.3352 34.0902 0
-82.1254 34.1338 0
-82.2842 34.6564 0
-82.253 34.9976 0
-82.6079 34.767 0
-82.05 34.9275 0
-79.9857 34.4879 0
-80.8165 33.9349 0
-80.0973 33.78 0
-81.6671 33.389 0
-81.4629 33.7815 0
-81.396 33.0194 0
-81.6954 33.2443 0
-81.7958 33.3191 0
-81.6206 33.8384 0
-81.1923 33.7609 0
-81.6314 33.998 0
-81.8351 33.6043 0
-81.627 33.6462 0
-81.392 34.813 0
-80.6024 33.8939 0
-81.5006 34.9699 0
-81.468 33.8613 0
-79.8022 32.8797 0
-79.708 32.8815 0
-80.2264 34.1449 0
-80.34 33.5981 0
-80.7418 33.9854 0
-81.7492 35.1366 0
-81.5693 35.1125 0
-78.6369 33.8317 0
-80.3242 34.6566 0
-81.5498 33.3466 0
-80.9922 33.2583 0
-80.9919 33.6089 0
-80.4125 33.0391 0
-80.4311 33.9471 0
-80.6269 33.5896 0
-80.7538 33.4419 0
-80.2115 33.2353 0
-80.5348 33.6722 0
-80.0932 33.1111 0
-79.5101 33.3135 0
-82.5463 34.5124 0
-80.9278 33.1176 0
-82.3077 34.7035 0
-82.0288 34.1389 0
-79.8294 33.1647 0
-82.6717 34.1668 0
-80.7218 32.3807 0
-79.7887 33.0702 0
-79.8858 33.1476 0
-79.9702 33.4161 0
-79.3845 33.6977 0
-79.4384 33.5215 0
-79.23 33.6358 0
-79.3567 33.2521 0
-79.8046 33.6268 0
-79.2327 33.7954 0
-79.1679 33.3339 0
-81.1039 32.8728 0
-81.0524 32.6215 0
-81.8762 34.7101 0
-81.2922 32.8652 0
-81.2536 32.851 0
-81.2752 32.8976 0
-81.1595 32.8548 0
-81.1755 32.4744 0
-81.0227 32.4173 0
-81.5469 33.8898 0
-82.6387 34.2331 0
-82.6933 34.4068 0
-81.9093 34.0969 0
-80.4704 33.9619 0
-80.4807 34.202 0
-81.8812 34.2428 0
-80.1701 33.141 0
-81.0485 34.2953 0
-80.2719 34.3202 0
-81.2763 34.8501 0
-82.4794 34.6453 0
-80.5248 32.5765 0
-80.6328 32.8897 0
-80.2558 32.9008 0
-80.9932 32.2134 0
-80.8479 32.6607 0
-80.3344 32.5032 0
-80.1 32.7622 0
-80.9172 32.1847 0
-80.6047 32.6847 0
-81.6396 33.2629 0
-81.0787 33.4461 0
-81.399 33.9924 0
-80.6696 33.6839 0
-83.0964 34.9301 0
-83.0556 34.9167 0
-83.227 34.6624 0
-80.9479 33.8662 0
-82.0047 33.8195 0
-82.0671 33.8803 0
-82.0884 33.6552 0
-82.0095 33.6274 0
-82.1112 33.7019 0
-82.0155 33.707 0
-82.3553 33.8645 0
-80.0301 34.0696 0
-80.1875 33.6181 0
-80.9459 34.9274 0
-81.2959 33.565 0
-81.3791 33.0519 0
-81.1649 33.2834 0
-79.2473 33.524 0
-82.3784 34.845 0
-79.1201 33.9885 0
-80.1267 34.0673 0
-80.4038 34.6866 0
-81.6936 34.0593 0
-81.19 34.3863 0
-81.7554 34.6675 0
-81.8128 34.3748 0
-81.0574 34.4557 0
-81.0086 34.6347 0
-81.4467 34.4399 0
-81.8242 34.2617 0
-81.5387 34.3555 0
-81.576 34.9181 0
-80.2674 32.7104 0
-80.1672 33.0617 0
-80.2908 34.8026 0
-82.5047 34.0323 0
-80.6499 34.5021 0
-80.556 34.1516 0
-80.1653 34.5963 0
-80.0382 34.31 0
-80.9067 34.5578 0
-80.4199 34.1396 0
-80.7334 34.6121 0
-80.1057 34.0197 0
-80.7013 34.7582 0
-80.5415 34.6987 0
-80.006 32.7645 0
-81.2122 34.4336 0
-82.5612 34.0129 0
-82.5962 34.4127 0
-82.6624 34.2799 0
-82.0328 34.9607 0
-82.1779 34.3078 0
-82.3785 34.3771 0
-82.6008 34.6866 0
-82.5846 34.0596 0
-79.9518 34.0393 0
-79.9569 34.1995 0
-79.8784 34.1691 0
-81.9629 34.8188 0
-80.7541 32.664 0
-81.9533 33.6462 0
-80.153 32.666 0
-80.5944 32.875 0
-81.6617 33.3096 0
-81.8692 33.8104 0
-81.5329 33.3792 0
-81.5091 33.6036 0
-81.9256 33.7916 0
-81.213 33.4567 0
-81.6881 33.9794 0
-80.917 34.0114 0
-80.0666 34.0047 0
-80.4987 34.1694 0
-80.2478 34.707 0
-80.6847 34.0033 0
-80.531 34.0242 0
-80.4917 34.0093 0
-80.7496 34.1454 0
-80.8326 34.2549 0
-80.6349 34.1813 0
-79.9626 33.1777 0
-79.5413 33.8391 0
-81.7899 34.8758 0
-80.8439 32.5818 0
-80.98 32.6717 0
-80.5665 32.6701 0
-82.2334 34.7561 0
-82.1846 35.1308 0
-80.0521 33.0169 0
-80.366 33.2947 0
-81.4693 34.4872 0
-80.6092 33.622 0
-81.3594 34.6047 0
-79.9526 32.8607 0
-79.9729 32.9077 0
-81.7063 33.4031 0
-81.4356 33.6548 0
-81.0397 33.7828 0
-82.0718 34.7001 0
-80.3412 34.1098 0
-80.2025 33.5061 0
-81.0711 35.0521 0
-81.0757 35.1329 0
-81.7317 35.1698 0
-81.1923 35.096 0
-78.9848 33.9737 0
-78.7341 33.9913 0
-81.653 34.3181 0
-81.4539 34.2467 0
-81.3144 34.5099 0
-80.1993 33.9374 0
-80.7248 33.2359 0
-80.3419 33.1682 0
-80.556 33.7195 0
-80.6798 33.4922 0
-80.7362 33.4743 0
-80.2054 33.5857 0
-80.3675 33.8049 0
-80.5135 33.625 0
-80.8295 34.9638 0
-79.1902 33.5406 0
-81.1724 34.4191 0
-81.7208 34.7337 0
-82.429 34.7451 0
-82.5088 34.3052 0
-82.5681 34.0927 0
-82.2156 34.0487 0
-82.5841 34.7199 0
-82.8546 34.4612 0
-82.7371 34.8885 0
-82.4483 34.0516 0
-82.3685 34.0241 0
-82.3519 34.0572 0
-82.0962 34.007 0
-80.4471 34.7821 0
-81.2408 34.9162 0
-82.6652 34.7473 0
-82.0594 34.5395 0
-80.2588 32.98 0
-82.5351 34.1589 0
-82.6364 34.4264 0
-79.9497 33.3688 0
-80.9564 34.026 0
-80.305 34.1749 0
-82.9652 35.0036 0
-82.0107 35.1886 0
-82.7928 35.0632 0
-79.6255 33.3593 0
-79.6072 33.3914 0
-79.9366 33.5602 0
-79.9266 33.2421 0
-79.2714 33.811 0
-79.3813 33.5383 0
-79.9857 33.8945 0
-79.4367 33.4419 0
-79.7088 33.6286 0
-79.7909 33.8187 0
-81.3116 34.7841 0
-80.9286 32.7686 0
-81.4854 32.9361 0
-81.1072 32.2563 0
-81.8357 34.422 0
-81.0651 32.5104 0
-81.3598 32.7356 0
-81.2875 32.7862 0
-81.9112 34.9183 0
-81.2366 32.8834 0
-81.0139 32.9556 0
-82.3952 34.344 0
-80.1718 34.2425 0
-80.2745 33.8874 0
-80.6717 34.5497 0
-79.7324 33.0872 0
-80.8189 32.4563 0
-80.8001 32.8365 0
-80.4519 32.6262 0
-80.1232 32.8883 0
-80.9464 32.3886 0
-80.0592 32.6683 0
-80.441 32.8164 0
-80.7144 32.2234 0
-80.9123 32.453 0
-80.7751 32.7107 0
-82.3215 34.3964 0
-82.1292 34.681 0
-83.3491 34.7024 0
-82.3619 33.9443 0
-82.2925 33.804 0
-82.2529 33.7902 0
-82.2196 33.8561 0
-82.1403 33.8284 0
-82.1695 33.955 0
-81.8695 34.0828 0
-81.5372 34.6292 0
-81.5319 34.5489 0
-81.1326 34.4046 0
-81.0841 34.5835 0
-81.5198 34.6623 0
-81.2586 34.8832 0
-81.3369 34.5573 0
-81.9551 34.1909 0
-81.9661 34.078 0
-81.151 34.726 0
-80.7097 32.9188 0
-79.5947 33.6626 0
-80.4696 34.3951 0
-79.3489 33.8419 0
-80.3425 34.6239 0
-80.3952 34.0121 0
-80.8028 34.0474 0
-80.8245 34.0948 0
-80.8614 34.8174 0
-80.6245 34.3743 0
-80.7474 34.4989 0
-80.7693 34.5465 0
-80.2509 34.7875 0
-80.8449 34.4956 0
-82.5821 34.2526 0
-81.197 33.8406 0
-82.6789 34.2467 0
-82.8367 34.6882 0
-82.0842 34.861 0
-82.9835 34.5819 0
-82.5816 34.9141 0
-82.064 34.346 0
-82.9497 34.8427 0
-82.7501 34.3872 0
-79.7816 34.171 0
-79.0047 34.0216 0
-81.1901 33.0598 0
-81.2489 33.7426 0
-81.4327 33.3041 0
-81.9868 33.5806 0
-81.1866 33.3303 0
-81.2223 33.6159 0
-81.7451 33.6885 0
-81.2722 33.1677 0
-81.8293 33.2537 0
-81.7454 33.4171 0
-81.8185 34.1817 0
-80.2204 33.4738 0
-81.2426 34.2877 0
-80.5871 32.2906 0
-81.492 33.6363 0
-79.7703 33.7711 0
-80.6838 32.3662 0
-82.6695 34.36 0
-81.5953 33.1694 0
-81.8014 33.9419 0
-80.9576 33.3232 0
-81.4901 34.8088 0
-79.8917 32.7195 0
-81.3227 33.6916 0
-81.6593 34.125 0
-81.1464 34.6456 0
-81.1287 34.6785 0
-81.1149 34.4375 0
-81.7441 34.5069 0
-81.5006 34.0681 0
-81.6648 34.2051 0
-81.5058 34.1481 0
-81.4885 34.181 0
-81.2393 34.5613 0
-80.3772 33.1036 0
-81.807 33.7495 0
-81.4301 35.1024 0
-80.1363 33.795 0
-81.5923 35.1601 0
-78.7717 33.8472 0
-78.6755 33.8476 0
-78.9812 33.6542 0
-78.7521 33.7993 0
-81.7385 34.4267 0
-80.4178 33.6278 0
-81.4437 34.0866 0
-81.2745 34.4955 0
-81.7438 34.7811 0
-80.4004 34.6062 0
-81.9397 34.7715 0
-81.4063 33.7999 0
-80.616 33.3508 0
-80.888 33.4532 0
-80.8197 33.2327 0
-80.4033 33.74 0
-80.8411 33.2797 0
-80.8331 33.1209 0
-80.5205 33.7845 0
-80.1154 33.7476 0
-80.3919 33.9322 0
-80.0945 33.7002 0
-80.7984 33.1857 0
-80.6702 32.4771 0
-79.5598 33.8069 0
-80.0988 34.3728 0
-80.2932 34.3679 0
-80.3963 32.6436 0
-79.8907 34.5704 0
-82.6436 34.5065 0
-82.0996 34.5535 0
-81.1064 34.631 0
-82.2035 34.6286 0
-82.1355 34.7614 0
-80.6961 33.0303 0
-80.6713 32.9043 0
-80.158 33.3321 0
-81.6868 34.5257 0
-79.8115 33.8662 0
-81.4213 34.0395 0
-80.1963 33.8575 0
-81.9819 33.7727 0
-82.249 35.1922 0
-82.0045 35.1078 0
-81.9801 34.7856 0
-81.3818 34.0252 0
-79.666 33.4541 0
-79.6941 33.072 0
-79.4517 33.2508 0
-79.7228 33.4371 0
-79.6294 33.5185 0
-79.2886 33.699 0
-79.5042 33.9037 0
-79.6722 33.6931 0
-79.1505 33.4455 0
-80.3252 33.7102 0
-81.4198 34.9411 0
-81.0309 33.9752 0
-79.47 33.2187 0
-79.9028 33.7046 0
-79.9284 33.9118 0
-82.5409 34.9003 0
-81.1969 32.5209 0
-81.181 32.9015 0
-82.419 34.8588 0
-81.0312 32.2277 0
-81.0525 32.97 0
-81.355 32.6566 0
-81.198 32.8691 0
-81.42 32.7963 0
-80.6584 33.445 0
-81.1009 33.8444 0
-82.7005 34.4869 0
-81.9474 33.5667 0
-82.4421 34.4379 0
-81.0968 34.1169 0
-80.6519 33.7165 0
-81.2088 34.7076 0
-82.9585 34.7289 0
-82.7612 34.9355 0
-80.6113 32.4159 0
-80.0112 32.9227 0
-80.3262 32.7721 0
-80.6149 32.4947 0
-80.0645 32.8264 0
-80.7368 32.6962 0
-80.4619 32.8633 0
-81.6786 33.2769 0
-81.6779 33.548 0
-80.0494 32.9377 0
-81.972 34.1579 0
-80.089 33.5408 0
-81.6687 34.833 0
-82.3156 33.8508 0
-82.0335 33.9462 0
-80.6262 33.1597 0
-81.8361 34.9706 0
-81.2615 33.6302 0
-80.7553 34.6597 0
-80.5846 33.9265 0
-81.4013 33.7202 0
-81.756 34.1205 0
-81.5893 34.5302 0
-81.3123 34.1564 0
-81.0002 34.1206 0
-81.7329 34.3465 0
-81.693 34.3323 0
-81.3346 34.2036 0
-81.3744 34.8461 0
-81.217 34.5139 0
-80.7135 32.998 0
-81.7495 34.8616 0
-80.4288 34.8149 0
-79.9779 34.2471 0
-80.8586 34.3826 0
-80.9472 34.2188 0
-80.1085 34.0998 0
-80.2233 34.5788 0
-80.9783 34.0733 0
-80.6432 34.7762 0
-80.3178 34.4958 0
-80.1683 34.6768 0
-80.4436 34.7016 0
-82.5751 34.1726 0
-81.0143 32.2599 0
-82.6861 34.3267 0
-82.3084 34.2363 0
-82.7263 34.3404 0
-82.2099 34.7089 0
-82.627 34.5398 0
-82.2294 34.9503 0
-82.2879 34.4627 0
-82.2204 34.5954 0
-82.2464 34.917 0
-79.8736 34.009 0
-81.9432 34.031 0
-80.6603 32.6671 0
-81.4744 34.5675 0
-80.7308 32.9657 0
-81.684 33.3563 0
-81.3063 33.1027 0
-81.5616 33.2346 0
-81.1785 33.5219 0
-81.205 33.6485 0
-81.3841 33.7529 0
-81.0831 33.5256 0
-81.6111 33.4075 0
-81.4113 33.8797 0
-81.0701 33.6378 0
-81.5918 33.9838 0
-79.9987 33.7025 0
-81.8638 34.0029 0
-80.9841 32.7507 0
-81.2846 33.056 0
-80.9618 33.4027 0
-80.865 32.6285 0
-81.0655 33.2078 0
-81.175 33.7935 0
-81.3373 33.9309 0
-81.8534 34.9374 0
-80.6078 32.3372 0
-80.8492 32.3132 0
-79.9754 32.9869 0
-79.856 32.7836 0
-81.2063 34.0004 0
-81.3391 34.9122 0
-81.2334 33.1534 0
-82.3047 34.4296 0
-80.3221 33.6305 0
-81.1631 34.2588 0
-81.0709 34.6968 0
-81.2327 35.1106 0
-81.8072 35.1176 0
-81.3264 35.0259 0
-81.0487 35.0045 0
-81.134 35.1145 0
-78.9632 33.7661 0
-78.7723 33.9271 0
-80.4745 33.6102 0
-80.2595 33.9998 0
-80.0274 33.9896 0
-80.19 34.21 0
-80.8475 34.9309 0
-81.8126 33.2864 0
-79.1728 33.6524 0
-82.719 34.2603 0
-80.205 34.6114 0
-80.1288 33.0468 0
-81.975 34.9798 0
-80.9492 33.1644 0
-80.507 33.0363 0
-80.3463 33.7576 0
-80.3887 33.8523 0
-80.2413 33.521 0
-80.3482 33.327 0
-80.5278 33.5129 0
-80.0248 33.9096 0
-80.5525 33.2097 0
-80.1429 33.4439 0
-82.2982 34.3495 0
-80.9322 35.0411 0
-80.8919 35.0263 0
-80.9545 35.0888 0
-80.9725 35.0558 0
-80.9502 35.0081 0
-80.8517 35.0115 0
-80.9142 35.074 0
-80.5698 32.3226 0
-81.979 34.5114 0
-80.6491 34.0686 0
-80.6755 34.6301 0
-80.442 32.3896 0
-81.4712 34.2138 0
-81.6024 34.1437 0
-81.8406 33.4125 0
-79.2658 33.4919 0
-80.6961 34.2435 0
-80.9194 34.7992 0
-81.8413 34.2287 0
-82.214 34.5151 0
-80.4066 33.8198 0
-81.8525 34.1158 0
-81.7167 33.8339 0
-80.9105 33.15 0
-81.7101 34.2993 0
-81.0879 33.957 0
-79.8846 33.7369 0
-81.1004 33.4931 0
-81.4736 33.0478 0
-82.3343 35.0254 0
-82.324 35.1394 0
-82.1674 35.1642 0
-80.4765 34.5557 0
-82.4735 35.0337 0
-81.4547 33.3509 0
-79.4839 33.856 0
-79.6196 33.121 0
-79.9522 33.4484 0
-79.5541 33.5675 0
-79.9442 33.7995 0
-79.1133 33.5096 0
-79.1366 33.7965 0
-79.4683 33.1393 0
-79.2872 33.6192 0
-79.8481 33.8015 0
-79.4301 33.124 0
-79.4602 33.6487 0
-81.9329 34.4171 0
-80.7195 32.7284 0
-81.2183 32.5675 0
-81.3983 32.7498 0
-81.0269 32.496 0
-81.3382 32.689 0
-81.2274 32.7253 0
-81.4081 32.9078 0
-81.0649 32.1634 0
-79.8433 33.642 0
-80.5315 33.1626 0
-81.3568 34.8791 0
-81.5417 33.81 0
-81.0964 33.7646 0
-80.3407 32.661 0
-80.9301 32.0741 0
-80.7941 32.331 0
-80.1883 32.6019 0
-80.194 32.7599 0
-80.1016 34.4531 0
-80.5421 32.9718 0
-80.9587 32.625 0
-80.8307 32.693 0
-80.6393 32.6203 0
-80.1897 34.7246 0
-80.4753 33.1802 0
-82.3581 35.0727 0
-82.3818 35.12 0
-82.8503 35.0433 0
-82.4904 35.0004 0
-82.2936 35.0115 0
-82.0624 35.0887 0
-82.2661 35.1588 0
-82.8094 35.0297 0
-82.5382 35.0948 0
-82.5621 35.142 0
-82.2673 34.6896 0
-83.0968 34.7359 0
-82.1279 33.6691 0
-82.2593 33.8699 0
-82.0564 33.9931 0
-82.0167 33.9791 0
-80.9958 34.0406 0
-81.8798 33.4265 0
-81.2853 34.0292 0
-81.927 34.337 0
-81.8982 34.2098 0
-81.5356 34.9037 0
-81.0221 34.1679 0
-81.2714 34.7696 0
-81.2521 34.4481 0
-81.2489 34.7221 0
-81.1318 34.0514 0
-81.9508 34.6579 0
-80.3949 33.0714 0
-81.5512 33.0761 0
-81.3843 34.3783 0
-79.159 34.0041 0
-80.3263 34.2225 0
-80.7752 33.489 0
-82.5577 34.867 0
-80.8108 34.2075 0
-80.0593 34.3577 0
-80.7062 34.0507 0
-80.849 34.576 0
-80.9952 34.748 0
-80.556 34.5855 0
-80.7752 34.273 0
-80.3805 34.1247 0
-80.5525 34.0716 0
-80.8899 34.2369 0
-82.2387 34.0956 0
-82.5745 34.8336 0
-82.4991 34.4185 0
-82.8456 34.5747 0
-82.0826 34.5866 0
-82.7944 34.8687 0
-82.3615 34.8783 0
-82.5436 34.7062 0
-79.8416 34.234 0
-79.936 34.1518 0
-79.9335 34.0717 0
-81.4293 34.4729 0
-82.304 34.8977 0
-82.4089 34.9727 0
-81.5941 33.4402 0
-81.661 33.5807 0
-81.8465 33.7635 0
-81.3179 33.6119 0
-81.3941 33.9125 0
-81.6343 33.1835 0
-81.2645 33.359 0
-81.5432 33.5383 0
-81.9029 33.7447 0
-81.2817 33.3264 0
-82.8019 34.9492 0
-80.2807 34.0473 0
-80.9128 33.9315 0
-81.4777 34.9224 0
-82.0702 34.4262 0
-80.3837 33.2624 0
-80.7379 33.9055 0
-79.725 33.5167 0
-82.4619 34.2115 0
-82.0532 34.4593 0
-79.1753 33.8121 0
-82.1267 35.1501 0
-81.5303 34.8232 0
-80.7461 33.2829 0
-79.8381 32.8156 0
-79.5956 32.9152 0
-79.4752 33.4572 0
-80.1073 34.6139 0
-80.5379 34.6183 0
-81.4426 34.9886 0
-81.3314 35.1066 0
-81.8826 35.0654 0
-81.8246 35.0844 0
-78.7336 33.9113 0
-78.9246 33.7504 0
-78.8672 33.7668 0
-78.7907 33.8151 0
-78.9271 33.9902 0
-80.8181 33.5832 0
-80.5417 34.2644 0
-80.2173 33.9049 0
-80.4052 34.2524 0
-81.3767 33.3224 0
-79.2419 33.2059 0
-79.5007 33.7439 0
-79.0236 33.9894 0
-81.593 33.7117 0
-81.6217 33.5666 0
-80.9311 33.5473 0
-80.9353 33.6269 0
-80.4112 33.4685 0
-80.6165 33.7815 0
-80.8851 33.0238 0
-80.5772 33.3362 0
-80.5879 33.5748 0
-80.2622 33.5683 0
-80.3033 33.1534 0
-80.8341 33.9022 0
-80.1536 34.2751 0
-80.0011 33.1927 0
-81.4185 33.6875 0
-82.5002 34.8865 0
-79.2037 33.1904 0
-80.1816 33.4588 0
-80.9164 32.5318 0
-82.2284 34.2086 0
-82.3312 34.7507 0
-80.8205 34.0148 0
-80.2626 34.0799 0
-81.3395 34.2837 0
-81.1311 33.6994 0
-80.8746 33.5652 0
-81.1828 34.9346 0
-81.4972 33.716 0
-80.5701 33.1773 0
-80.1171 34.3402 0
-79.6033 33.2324 0
-82.5311 35.0142 0
-82.5142 35.0476 0
-82.375 35.0394 0
-80.1934 33.7776 0
-81.8913 33.5855 0
-79.6739 33.0248 0
-79.887 33.8167 0
-79.2728 33.8909 0
-79.8068 33.0381 0
-79.9623 33.7672 0
-79.5302 33.3609 0
-79.9111 33.3537 0
-79.7432 33.4845 0
-79.3536 33.0933 0
-79.2603 33.1739 0
-82.6341 34.62 0
-80.0584 33.765 0
-80.9196 32.9591 0
-80.2704 32.7895 0
-81.0176 34.4411 0
-81.1417 34.5652 0
-82.6818 34.714 0
-81.1077 32.6035 0
-81.1461 32.6178 0
-80.4014 33.2301 0
-80.3995 32.7226 0
-81.2242 32.9949 0
-81.0608 32.4316 0
-81.0059 32.1027 0
-80.974 33.9933 0
-80.7163 33.8582 0
-80.8902 32.7541 0
-81.1831 33.6015 0
-81.0919 33.6849 0
-81.8071 34.5683 0
-81.2676 33.0884 0
-82.787 34.7883 0
-80.476 32.752 0
-80.9204 32.6106 0
-80.9074 32.7219 0
-80.8638 32.977 0
-80.0086 32.8435 0
-80.5906 32.3693 0
-80.8742 32.4385 0
-80.7828 32.8688 0
-80.3025 32.6462 0
-80.4934 32.7198 0
-80.8869 33.8044 0
-81.6577 34.6721 0
-83.0641 34.8028 0
-83.2108 34.6959 0
-82.1006 33.8145 0
-82.2824 33.9167 0
-82.0503 33.9133 0
-82.4348 33.892 0
-82.2132 33.7764 0
-82.1736 33.7626 0
-82.1799 33.8423 0
-80.2801 33.5359 0
-81.5425 34.7096 0
-81.2176 33.5363 0
-81.4457 33.8142 0
-81.4498 34.7944 0
-82.0734 34.9748 0
-82.4696 34.759 0
-80.6835 33.5718 0
-81.6164 33.487 0
-81.4869 33.5567 0
-81.5599 34.6766 0
-81.973 34.4312 0
-81.2053 34.9823 0
-81.4416 34.3597 0
-81.6067 34.4972 0
-81.0089 34.2807 0
-81.8934 34.677 0
-81.8583 34.1958 0
-82.8937 34.6684 0
-81.292 34.4626 0
-80.779 32.7897 0
-81.5786 34.3697 0
-80.2445 34.1124 0
-80.9509 34.6529 0
-80.6873 33.6514 0
-81.2988 33.2939 0
-79.3443 33.6025 0
-82.1103 34.4402 0
-79.0561 33.526 0
-80.8286 34.1748 0
-79.0593 33.7653 0
-80.7318 34.1781 0
-80.5882 34.0064 0
-80.4559 34.0745 0
-80.0749 34.2449 0
-80.2964 34.4481 0
-80.801 34.4006 0
-80.2142 34.3378 0
-80.2782 34.4808 0
-80.2386 34.4657 0
-82.1248 34.875 0
-81.3743 34.218 0
-80.9304 33.8988 0
-82.2555 34.0626 0
-82.5366 34.6259 0
-82.2581 34.3356 0
-82.007 34.3651 0
-82.2452 34.1755 0
-82.2516 34.2555 0
-82.7795 34.708 0
-82.5891 34.3326 0
-79.9831 34.4076 0
-79.9566 34.7946 0
-79.9727 34.0869 0
-81.0704 33.9897 0
-79.8374 34.7487 0
-80.0875 34.0522 0
-80.6251 34.809 0
-80.8623 32.2025 0
-81.5564 33.1553 0
-81.9087 33.8244 0
-81.8127 33.8292 0
-81.2978 33.9166 0
-81.1053 33.9243 0
-81.7565 33.5762 0
-81.8014 33.3985 0
-81.4648 33.5098 0
-81.7676 33.7354 0
-81.3399 33.6589 0
-82.7355 34.2272 0
-79.0624 34.0051 0
-82.1759 34.7753 0
-82.1888 34.9363 0
-80.574 34.119 0
-80.8665 33.4061 0
-81.6121 34.5775 0
-80.653 32.5093 0
-80.2498 32.7426 0
-82.2269 34.6757 0
-81.2109 34.0803 0
-80.8912 32.4064 0
-80.8361 32.4241 0
-79.7483 32.9758 0
-79.2367 34.0353 0
-79.9907 32.8756 0
-79.8762 32.8306 0
-79.744 32.8175 0
-79.7865 32.9909 0
-81.271 33.7897 0
-82.1653 34.1478 0
-82.6055 34.9612 0
-80.6985 32.6817 0
-81.0308 35.0375 0
-81.3896 35.0879 0
-81.4124 35.1355 0
-81.9872 35.1411 0
-81.2149 35.1437 0
-81.4882 35.0837 0
-78.9821 33.734 0
-78.8103 33.8629 0
-78.6954 33.9754 0
-80.1239 33.9873 0
-81.2553 34.1748 0
-79.3288 33.7943 0
-82.4558 34.5983 0
-82.1482 34.9223 0
-80.3938 34.4455 0
-80.3904 34.3652 0
-80.7558 33.0918 0
-80.8505 33.0886 0
-80.44 33.2448 0
-80.6723 33.3331 0
-80.6649 33.1743 0
-80.9064 33.0707 0
-80.8625 33.3266 0
-80.0628 33.3344 0
-80.4525 33.9945 0
-80.8545 33.1679 0
-80.3692 33.3742 0
-79.8711 33.929 0
-82.8835 34.9764 0
-79.078 33.7332 0
-80.7172 33.0773 0
-80.9795 33.0204 0
-79.1001 33.9407 0
-82.4384 34.1646 0
-81.0529 34.0224 0
-82.3449 34.4434 0
-80.7038 34.4039 0
-81.2939 34.8171 0
-80.1257 34.5812 0
-82.0314 34.6861 0
-80.6238 33.9412 0
-79.3582 33.3316 0
-79.3644 33.6501 0
-79.7603 34.7986 0
-79.86 34.2015 0
-82.7278 35.0024 0
-82.1952 35.0169 0
-82.0562 35.008 0
-80.0063 33.3516 0
-81.7735 33.2724 0
-79.6926 33.7407 0
-79.1577 33.9241 0
-79.6176 33.0417 0
-79.3428 33.5228 0
-79.4671 33.9682 0
-79.4901 33.2661 0
-79.545 33.999 0
-79.587 33.344 0
-79.3629 33.5704 0
-79.9259 33.8319 0
-80.3838 34.2048 0
-80.893 34.6711 0
-80.0877 32.9526 0
-81.6833 33.6276 0
-81.5707 33.6648 0
-81.3971 34.8936 0
-82.1821 34.1147 0
-81.0396 32.3851 0
-81.164 32.9339 0
-81.1121 32.6825 0
-80.4577 33.2125 0
-81.2659 32.7396 0
-81.1291 32.6501 0
-81.3743 32.9728 0
-80.8531 33.5182 0
-81.2805 33.9493 0
-82.7204 34.9219 0
-80.6379 33.8288 0
-81.013 34.7151 0
-81.4815 34.3741 0
-80.8793 32.1704 0
-81.0043 34.5543 0
-81.6449 33.3422 0
-79.2459 33.4444 0
-81.9249 33.5199 0
-79.25 33.6835 0
-82.0349 34.2189 0
-80.9327 32.8476 0
-80.4345 32.6583 0
-80.2644 32.6315 0
-80.9368 32.9267 0
-80.6739 32.556 0
-80.8057 32.5673 0
-81.5093 34.5016 0
-80.9132 32.1062 0
-80.6083 32.7637 0
-81.7903 33.2397 0
-81.4336 33.9268 0
-80.0792 33.8124 0
-82.684 34.5202 0
-82.0362 34.4924 0
-80.3871 34.285 0
-80.5632 33.8791 0
-83.2027 34.6156 0
-81.1333 34.759 0
-82.2029 33.8891 0
-82.1862 33.922 0
-82.3851 33.9911 0
-82.2888 33.9965 0
-80.7139 34.2108 0
-81.8241 33.9888 0
-79.8208 34.1863 0
-81.7674 34.0076 0
-81.1013 34.197 0
-81.8301 34.6156 0
-81.1201 34.8725 0
-81.2284 34.0476 0
-81.1687 34.6931 0
-81.7217 34.1863 0
-81.7152 34.6533 0
-81.2265 34.6746 0
-81.5335 34.2753 0
-81.1143 34.0842 0
-80.5313 33.5925 0
-81.9159 34.4502 0
-82.5603 34.6729 0
-81.7068 33.1324 0
-81.3719 33.8654 0
-82.3918 34.0709 0
-82.0457 34.1059 0
-81.3377 33.3082 0
-80.9606 34.106 0
-80.4952 34.0893 0
-80.2415 34.0323 0
-80.8941 34.317 0
-80.196 34.3704 0
-80.3146 34.4155 0
-80.3457 34.7044 0
-80.1286 34.6617 0
-80.7634 34.0328 0
-82.0579 34.2659 0
-80.724 34.018 0
-82.6964 34.8748 0
-82.2058 34.903 0
-82.6128 34.3795 0
-82.7574 34.4673 0
-82.2749 34.3025 0
-82.5269 34.7395 0
-82.4922 34.3384 0
-82.1442 34.374 0
-80.5173 33.2743 0
-80.1126 33.6678 0
-82.0119 34.1719 0
-80.7482 32.9334 0
-80.0796 32.7152 0
-80.51 33.5453 0
-80.7523 32.2378 0
-82.1738 34.5012 0
-82.3481 34.7174 0
-80.9388 34.0587 0
-80.199 34.4507 0
-81.384 33.1312 0
-81.8295 33.5247 0
-81.9023 33.4732 0
-81.1432 33.2366 0
-81.3694 33.514 0
-81.7506 33.7682 0
-81.4731 33.9411 0
-81.1622 33.906 0
-81.5812 33.8242 0
-81.5194 33.763 0
-80.2471 33.1708 0
-82.2851 34.1894 0
-80.0092 34.022 0
-79.9471 33.2893 0
-82.9507 34.6486 0
-79.5431 33.919 0
-80.8847 34.5103 0
-80.6408 33.4775 0
-81.3596 33.355 0
-81.2521 33.4711 0
-79.4468 33.9205 0
-80.5951 33.7342 0
-80.7732 33.8403 0
-82.9758 34.5017 0
-80.0987 33.2699 0
-80.3546 33.4861 0
-80.7121 32.5705 0
-82.8925 34.8625 0
-82.2164 34.7893 0
-80.0765 33.7326 0
-81.236 34.8356 0
-79.7931 34.5724 0
-82.0396 34.026 0
-81.0706 34.3427 0
-81.7901 34.0546 0
-80.3273 33.2799 0
-80.2174 33.3942 0
-81.0936 35.0998 0
-81.2732 35.1251 0
-81.6044 35.0462 0
-81.5058 35.0506 0
-79.4822 33.7761 0
-82.1971 34.5483 0
-78.9058 33.7825 0
-78.8293 33.8309 0
-80.9552 34.7334 0
-81.031 33.6234 0
-79.5616 33.8867 0
-82.6033 34.4929 0
-82.7721 34.6277 0
-79.9052 33.7844 0
-80.4543 33.1332 0
-80.3981 33.1507 0
-81.4407 33.7345 0
-79.7271 33.5964 0
-79.8298 33.8339 0
-80.8229 34.4481 0
-80.0342 33.049 0
-80.7906 33.0271 0
-80.9444 33.4352 0
-80.8006 33.6157 0
-80.0402 33.7973 0
-80.2618 33.0592 0
-80.7927 33.4565 0
-80.6196 33.4304 0
-80.8292 33.0417 0
-80.8585 33.2472 0
-82.1801 34.5815 0
-80.173 33.2204 0
-81.7732 33.8151 0
-81.5074 33.8755 0
-79.2644 33.4123 0
-79.5801 33.8545 0
-79.3087 33.7466 0
-79.9177 34.1843 0
-81.6001 34.6909 0
-79.9934 33.543 0
-81.9035 34.017 0
-80.2565 33.9199 0
-81.3403 33.0377 0
-80.663 32.3196 0
-81.2183 34.8686 0
-79.6863 33.5015 0
-80.1392 33.8749 0
-81.5124 33.062 0
-79.5794 33.0264 0
-80.5918 34.0864 0
-80.6528 34.1486 0
-81.9053 34.8378 0
-80.0973 32.6832 0
-79.5339 33.52 0
-80.7412 34.773 0
-81.1668 33.9859 0
-79.1864 33.3019 0
-82.2359 35.0309 0
-82.341 35.1061 0
-82.0859 35.1361 0
-82.161 35.0835 0
-80.1335 33.7152 0
-80.9077 34.2041 0
-81.0004 33.7683 0
-80.3056 32.7252 0
-79.8678 33.1797 0
-79.7977 33.3879 0
-79.5668 33.2966 0
-79.8228 33.5945 0
-79.9391 33.6399 0
-79.7345 33.1665 0
-79.2486 33.6037 0
-79.4249 33.7929 0
-79.7314 33.7559 0
-79.7681 33.6913 0
-79.6843 33.4219 0
-79.1553 33.7643 0
-80.7909 33.8077 0
-81.4971 34.6149 0
-81.1138 33.732 0
-81.0735 32.3206 0
-81.3138 32.9119 0
-81.116 32.4136 0
-81.0099 32.5283 0
-81.232 32.8043 0
-81.675 34.6391 0
-81.0861 32.2098 0
-81.0481 32.1956 0
-81.2229 32.6464 0
-79.8474 33.1325 0
-79.6417 33.2477 0
-82.9672 34.6153 0
-80.5596 33.7993 0
-80.5491 32.7023 0
-81.6174 33.2161 0
-81.3793 34.2981 0
-79.4936 33.4251 0
-81.0353 34.7627 0
-80.3059 34.6893 0
-80.6639 32.7461 0
-81.5877 33.632 0
-81.8918 33.8573 0
-80.3884 32.9129 0
-80.1998 32.9181 0
-80.4867 32.5619 0
-80.0211 32.6534 0
-80.3788 32.6757 0
-80.6422 32.273 0
-80.8558 32.8187 0
-80.0441 32.7794 0
-80.9213 32.2634 0
-80.3613 32.7079 0
-80.871 34.6235 0
-81.6556 33.5012 0
-80.6286 32.3838 0
-79.5851 33.2645 0
-81.6467 34.5115 0
-83.0312 34.8697 0
-81.0827 33.1753 0
-81.0179 33.7357 0
-81.1842 33.9532 0
-82.184 33.65 0
-82.299 33.8837 0
-81.9389 34.4973 0
-80.9762 32.2456 0
-80.2263 32.6167 0
-81.5827 34.724 0
-81.6476 34.238 0
-81.0178 34.0878 0
-80.8465 33.0093 0
-81.6013 34.417 0
-81.3426 33.3876 0
-81.535 34.0024 0
-81.5706 34.8375 0
-81.7162 34.1063 0
-81.8753 34.1628 0
-81.3769 34.5717 0
-81.572 34.5632 0
-81.6757 34.3653 0
-81.8473 34.5825 0
-81.1585 34.1787 0
-81.6861 34.7999 0
-82.6557 34.8611 0
-81.5906 34.2567 0
-80.0295 33.4785 0
-81.3468 34.7181 0
-81.858 33.9231 0
-78.8694 34.0066 0
-78.9858 34.0538 0
-78.9081 34.0223 0
-78.9668 34.0859 0
-78.9478 34.1181 0
-78.8701 34.0866 0
-78.9279 34.0702 0
-78.9659 34.0059 0
-78.9089 34.1024 0
-78.8891 34.0545 0
-80.3986 34.0922 0
-81.6349 34.6248 0
-81.5889 33.3608 0
-81.9701 33.6134 0
-81.5298 33.9226 0
-80.8422 34.0621 0
-80.5022 34.2495 0
-80.6706 34.116 0
-80.0355 34.2298 0
-80.4772 34.1219 0
-80.0199 34.3425 0
-80.2845 34.6416 0
-80.3607 34.5912 0
-80.8035 32.1416 0
-80.5234 34.7315 0
-80.8817 34.0767 0
-80.7945 33.1064 0
-82.3287 34.0103 0
-82.3185 34.1233 0
-82.4687 34.2915 0
-82.001 34.285 0
-82.2542 34.5291 0
-82.1229 34.6006 0
-82.5019 34.2252 0
-82.3018 34.1563 0
-82.8593 34.9294 0
-80.5061 33.8969 0
-80.1449 34.0348 0
-81.5935 34.885 0
-79.8585 34.7966 0
-79.7839 34.2512 0
-79.9227 34.3447 0
-81.165 34.9677 0
-80.3011 33.5832 0
-81.0821 32.4781 0
-81.2969 34.5429 0
-81.8183 33.637 0
-81.2912 33.4854 0
-81.294 33.2145 0
-81.5654 33.5851 0
-81.4955 33.0945 0
-81.3669 33.7856 0
-81.1604 33.2041 0
-81.5602 33.5056 0
-81.2893 33.1352 0
-81.971 33.8853 0
-80.0141 33.5904 0
-82.3651 34.217 0
-80.2734 32.8686 0
-79.1852 33.2224 0
-81.6511 33.1509 0
-82.222 34.1286 0
-81.9373 33.9511 0
-80.9623 33.0528 0
-80.5139 33.195 0
-80.528 33.0833 0
-80.4235 32.8485 0
-81.7846 33.4312 0
-79.9354 34.7467 0
-79.3169 33.1573 0
-80.4992 33.7372 0
-80.2087 32.6487 0
-81.7902 33.5107 0
-81.1477 33.3159 0
-81.8758 34.4361 0
-80.5096 33.9768 0
-79.8583 32.8627 0
-79.8965 32.8777 0
-79.9347 32.8927 0
-79.4315 34.1128 0
-80.4835 34.7166 0
-80.8799 33.2942 0
-81.3303 33.4997 0
-79.4118 33.156 0
-82.0033 34.8329 0
-80.701 32.3341 0
-81.3768 33.9453 0
-81.6679 35.108 0
-82.4755 34.3715 0
-78.9999 33.6222 0
-78.905 33.7026 0
-78.5793 33.8478 0
-80.9821 34.5068 0
-81.0662 34.2625 0
-82.9266 34.6017 0
-79.893 33.3859 0
-80.7713 32.6317 0
-79.5173 33.6319 0
-82.9991 34.7424 0
-80.4911 34.4426 0
-80.891 33.8842 0
-79.4166 33.3944 0
-80.7849 33.2975 0
-80.6232 33.5099 0
-80.922 33.7392 0
-80.1904 33.6978 0
-80.2918 33.3445 0
-80.3642 33.7251 0
-80.1182 33.8274 0
-80.6998 33.1096 0
-80.8237 33.3121 0
-80.1042 33.4289 0
-80.9929 32.5605 0
-81.8238 33.4452 0
-82.078 34.7805 0
-80.43 34.3801 0
-80.7772 33.9202 0
-81.8129 34.6486 0
-81.1912 33.4098 0
-82.5655 34.2858 0
-80.6539 32.9365 0
-81.3234 33.0702 0
-79.3861 33.7775 0
-82.1568 34.5343 0
-78.8899 34.1345 0
-80.7872 34.5137 0
-79.3228 33.4753 0
-82.3585 34.1371 0
-82.8292 34.608 0
-82.9749 34.6955 0
-79.4804 33.6963 0
-80.5418 33.8318 0
-80.7867 32.9479 0
-80.288 32.7574 0
-81.8929 34.4031 0
-81.1677 34.3389 0
-81.6568 34.9467 0
-82.9255 34.7957 0
-80.4957 33.6574 0
-80.3574 34.5108 0
-79.3213 33.3957 0
-79.6334 33.6779 0
-82.4527 34.7922 0
-80.6312 34.1012 0
-80.1199 34.4205 0
-80.9905 35.0228 0
-80.3375 32.582 0
-80.2439 32.5846 0
-82.4052 34.2308 0
-82.7352 35.0829 0
-82.6535 35.0555 0
-82.2766 35.0448 0
-82.3648 35.1534 0
-81.4427 33.463 0
-81.0699 33.2871 0
-79.7504 33.0551 0
-79.4451 33.8406 0
-79.0028 33.8616 0
-79.1144 33.5892 0
-79.834 33.3235 0
-79.7143 33.1193 0
-79.4284 33.0447 0
-79.978 33.0662 0
-79.6969 33.9004 0
-79.543 33.0905 0
-81.1993 34.5468 0
-81.0175 34.7956 0
-82.0131 34.4452 0
-81.027 32.1491 0
-81.0183 32.6861 0
-81.2582 32.9301 0
-81.1424 32.8872 0
-81.0141 32.6072 0
-81.1855 32.9806 0
-79.2829 33.3803 0
-82.4657 34.4849 0
-82.4496 34.9865 0
-82.2804 34.8505 0
-79.119 33.9085 0
-82.1418 34.8418 0
-80.873 32.7864 0
-80.6566 32.5882 0
-80.6776 32.6349 0
-80.967 32.783 0
-80.4552 32.7051 0
-80.2058 32.5698 0
-80.126 32.9675 0
-81.1502 34.3718 0
-82.542 34.2389 0
-82.1086 34.1669 0
-81.1364 34.1314 0
-81.1911 34.7406 0
-81.1548 34.452 0
-81.3242 34.6707 0
-81.6339 34.8993 0
-81.6585 34.3982 0
-81.5666 34.4829 0
-81.1734 34.7735 0
-81.9889 34.1249 0
-81.4988 34.3412 0
-80.0737 33.6528 0
-81.0621 34.8908 0
-80.5995 34.6808 0
-80.3889 34.7999 0
-80.2052 34.0974 0
-80.1777 34.403 0
-80.9466 34.5725 0
-80.2173 34.4181 0
-80.4661 34.3148 0
-80.7178 34.2909 0
-80.7193 34.7254 0
-80.5596 34.2317 0
-81.8303 34.89 0
-80.9178 33.6595 0
-82.159 34.0678 0
-82.0518 34.1859 0
-82.0143 34.7193 0
-82.919 34.5216 0
-82.6462 34.9749 0
-82.5199 34.6591 0
-82.2373 34.5622 0
-82.4122 34.7784 0
-79.9067 34.4575 0
-79.9909 34.0545 0
-79.991 34.6488 0
-79.9143 34.6988 0
-79.8552 34.0414 0
-81.8531 34.6628 0
-81.6732 33.1976 0
-81.0743 33.3666 0
-81.9592 33.7259 0
-81.3131 33.5323 0
-81.7057 33.6744 0
-81.35 33.1962 0
-81.7286 33.4498 0
-81.538 33.4587 0
-81.7396 33.6089 0
-81.5693 33.9368 0
-80.7772 34.7073 0
-79.8205 33.5149 0
-79.5504 33.4083 0
-80.3934 33.5009 0
-81.9232 35.0796 0
-81.1697 35.0483 0
-81.3542 35.1542 0
-78.965 33.9259 0
-78.7141 33.8634 0
-79.5467 33.2493 0
-81.2793 34.5758 0
-80.3168 33.9823 0
-80.9237 33.0383 0
-80.927 33.4677 0
-80.781 33.2181 0
-80.1316 33.1261 0
-80.0164 33.0812 0
-80.0726 33.064 0
-80.6416 33.9087 0
-80.966 33.4822 0
-80.5383 33.752 0
-80.1222 33.3966 0
-82.1174 33.7816 0
-82.09 33.9272 0
-82.0732 33.9601 0
-82.055 33.7209 0
-82.2759 33.837 0
-82.0429 33.5617 0
-82.4017 33.9581 0
-82.4979 33.9525 0
-82.0275 33.8664 0
-82.1445 33.6362 0
-81.2217 34.5942 0
-80.0369 33.1283 0
-80.1278 33.5558 0
-80.2084 33.6654 0
-81.4235 33.7672 0
-81.4045 34.6995 0
-81.0845 34.9384 0
-81.8816 34.5163 0
-80.6202 33.8613 0
-81.6377 33.8056 0
-82.3886 34.7313 0
-80.8189 34.3679 0
-82.1546 35.0029 0
-82.3478 35.1867 0
-79.7526 33.1344 0
-79.5995 33.0737 0
-79.8906 33.3064 0
-79.6215 33.2003 0
-79.9883 33.3839 0
-79.3934 33.188 0
-79.4134 33.2354 0
-79.5321 33.4404 0
-79.0791 33.813 0
-79.8504 33.8814 0
-81.3863 32.8612 0
-81.7321 34.8947 0
-79.5137 33.4726 0
-80.625 32.3051 0
-80.5146 32.3401 0
-80.4312 32.5794 0
-80.1177 32.7301 0
-80.4486 32.5472 0
-80.8584 32.1239 0
-80.8414 32.156 0
-80.7732 32.2844 0
-80.8096 32.6462 0
-80.7047 32.4129 0
-80.3658 34.2374 0
-82.3221 33.9305 0
-82.1297 33.9411 0
-81.7046 34.2193 0
-81.4386 34.0067 0
-81.7787 34.1675 0
-81.3644 34.058 0
-81.2727 34.142 0
-81.9099 34.37 0
-81.4936 34.261 0
-81.0793 34.1497 0
-81.2203 34.2404 0
-81.7785 34.4408 0
-81.767 34.5541 0
-80.071 33.5731 0
-80.48 34.6361 0
-80.7456 34.0654 0
-80.5237 34.2971 0
-80.7435 34.4186 0
-80.336 34.4631 0
-80.8352 34.6892 0
-80.364 34.6716 0
-80.3673 34.7521 0
-80.3274 34.7371 0
-80.5452 34.3446 0
-82.5116 34.1121 0
-82.3751 34.104 0
-82.8307 34.4144 0
-82.2309 34.482 0
-82.8683 34.8155 0
-82.0547 34.7333 0
-82.4353 34.3578 0
-82.2814 34.3826 0
-79.9936 34.1345 0
-79.8673 34.4422 0
-79.8512 34.5552 0
-79.954 34.714 0
-81.3669 34.4112 0
-81.5175 33.1412 0
-81.628 33.3749 0
-81.3035 33.3733 0
-81.521 33.4914 0
-81.044 33.1609 0
-81.6047 33.5993 0
-81.1215 33.1897 0
-81.852 33.5715 0
-81.8807 33.97 0
-81.6772 33.8197 0
-80.8033 34.8355 0
-82.024 34.332 0
-80.4186 34.5735 0
-79.6337 32.9304 0
-79.8989 32.9569 0
-79.6518 32.8984 0
-81.6329 35.1744 0
-81.9984 35.0272 0
-81.9699 35.1744 0
-78.83 33.9108 0
-79.3199 33.3162 0
-81.0799 34.8578 0
-80.691 33.7312 0
-80.9361 33.2762 0
-80.0574 33.1755 0
-80.9915 33.9606 0
-80.4046 33.3095 0
-80.8301 33.8224 0
-80.734 33.8257 0
-80.6123 33.2714 0
-80.4821 33.3391 0
-80.1344 33.2054 0
-81.6547 33.7728 0
-80.6631 33.956 0
-80.5419 33.4009 0
-81.3694 34.7656 0
-80.8558 33.9495 0
-81.0834 33.8771 0
-80.147 34.629 0
-82.5958 35.0752 0
-79.4787 33.6166 0
-79.8687 33.8491 0
-79.8894 33.8966 0
-79.1517 33.5251 0
-79.9316 33.401 0
-79.435 33.3623 0
-79.8345 33.9938 0
-79.6579 33.8851 0
-79.0374 33.5581 0
-79.7636 33.5319 0
-82.763 34.7413 0
-82.2646 34.4157 0
-81.2398 32.614 0
-81.0694 32.5892 0
-81.215 32.8367 0
-82.2908 34.7368 0
-80.7655 32.9011 0
-80.382 32.7547 0
-80.9883 32.8297 0
-80.8983 32.9123 0
-80.9245 32.6896 0
-80.2995 32.5673 0
-80.4861 32.9894 0
-80.5283 32.6555 0
-80.0388 32.6214 0
-80.622 32.6525 0
-83.1619 34.7962 0
-83.1456 34.8297 0
-83.08 34.9636 0
-82.4415 33.9718 0
-79.3829 33.6179 0
-81.61 33.6789 0
-81.2787 33.5976 0
-81.5746 34.0167 0
-81.6422 34.1579 0
-81.2949 34.1892 0
-81.99 34.3981 0
-81.3994 34.6191 0
-81.2901 34.1092 0
-81.022 34.5214 0
-81.8988 34.4833 0
-81.0531 34.7298 0
-81.6358 34.351 0
-81.5493 34.5159 0
-81.9225 34.8046 0
-81.9285 34.8851 0
-80.864 34.1094 0
-80.6275 34.0212 0
-80.2233 34.0649 0
-80.3723 34.3978 0
-80.7673 34.1128 0
-80.6134 34.1338 0
-80.9279 34.9604 0
-80.6886 32.872 0
-80.9687 34.62 0
-80.473 34.4753 0
-82.114 34.9888 0
-80.1846 33.5384 0
-82.8036 34.755 0
-82.4882 34.0653 0
-82.9913 34.6621 0
-82.8772 34.7018 0
-82.7026 34.2935 0
-82.1929 34.7421 0
-82.9827 34.7758 0
-82.1632 34.6146 0
-79.7977 34.0585 0
-79.8368 34.0738 0
-79.9989 34.2948 0
-81.3891 33.8327 0
-81.1266 33.6197 0
-81.7344 33.2583 0
-81.6601 33.8525 0
-81.8971 33.6651 0
-81.4058 33.1779 0
-81.4905 33.0153 0
-81.6227 33.2955 0
-81.3865 33.4814 0
-81.4157 33.3367 0
-81.0955 33.0636 0
-79.9446 33.2099 0
-80.7993 34.755 0
-79.8231 34.2665 0
-80.487 34.7971 0
-82.9332 34.8761 0
-82.3379 34.8311 0
-80.0264 32.8115 0
-80.3148 32.9626 0
-81.7609 35.0227 0
-81.2505 35.0775 0
-78.9073 33.9423 0
-80.0611 33.8448 0
-80.9486 33.5147 0
-80.1666 33.5708 0
-80.7499 33.3624 0
-80.7597 33.1711 0
-80.9837 33.0996 0
-80.3179 33.0418 0
-80.9528 33.5943 0
-80.549 33.5601 0
-80.7869 33.728 0
-81.8703 34.6297 0
-80.8023 33.2651 0
-80.4132 33.9796 0
-80.9137 33.5798 0
-81.6979 34.6864 0
-80.3789 33.613 0
-81.5641 33.857 0
-79.7931 33.8986 0
-82.2188 35.0642 0
-80.2112 34.2576 0
-80.3869 33.3418 0
-79.4883 33.1866 0
-79.9985 33.1134 0
-79.5631 33.1378 0
-79.8749 33.4182 0
-79.8092 33.7864 0
-79.6559 33.8052 0
-79.6274 33.4388 0
-79.8663 33.7692 0
-79.4434 33.7607 0
-79.2101 33.5882 0
-82.5101 34.7728 0
-82.4863 34.7257 0
-81.0697 32.9376 0
-81.2352 32.5352 0
-81.295 32.5959 0
-81.0904 32.2885 0
-79.5394 33.7593 0
-79.0957 33.6213 0
-80.9804 32.3242 0
-80.8174 32.8042 0
-80.406 32.8807 0
-80.2352 32.8538 0
-80.9505 32.4673 0
-80.5595 32.5123 0
-80.4203 32.7695 0
-80.0699 32.9847 0
-80.085 32.8734 0
-80.5007 32.4509 0
-82.2259 33.9359 0
-80.8753 32.0918 0
-79.5209 33.7915 0
-81.1069 34.9861 0
-81.8641 34.2758 0
-81.0045 34.2006 0
-81.8014 34.2146 0
-81.83 34.3418 0
-81.8476 34.8568 0
-81.9457 34.852 0
-81.7783 34.9895 0
-81.2345 34.481 0
-81.3644 34.6851 0
-80.9869 34.2334 0
-80.5524 34.5051 0
-82.0205 34.7997 0
-80.8408 34.4153 0
-80.321 34.5762 0
-80.8068 34.1275 0
-80.1748 34.3227 0
-80.9373 34.7663 0
-80.2901 34.2876 0
-80.9057 34.9127 0
-81.6632 34.7526 0
-82.8126 34.6413 0
-82.1192 34.0539 0
-82.6674 34.5535 0
-82.4317 34.0847 0
-82.7961 34.6746 0
-82.0485 34.6529 0
-79.3504 33.9219 0
-82.5916 34.1395 0
-79.9543 34.1194 0
-79.9752 34.7619 0
-79.9514 34.6335 0
-81.7957 34.6817 0
-80.6176 34.648 0
-81.0483 33.2402 0
-81.9139 33.6323 0
-81.762 33.6558 0
-81.3964 33.6405 0
-81.2598 33.2796 0
-81.5023 33.7957 0
-81.0047 33.8481 0
-81.4837 33.2063 0
-81.7512 33.2257 0
-81.0267 33.5437 0
-79.2929 33.9386 0
-80.5272 34.3773 0
-80.3822 34.6389 0
-80.3469 32.8191 0
-82.3986 34.6177 0
-81.3445 34.3639 0
-81.3491 35.0735 0
-81.3087 35.0589 0
-81.1293 35.0337 0
-81.2554 35.1582 0
-78.7919 33.975 0
-80.417 32.6904 0
-80.7847 32.5207 0
-81.141 34.2115 0
-81.7269 34.5399 0
-80.8932 33.1824 0
-80.3707 33.8848 0
-80.0429 33.8772 0
-80.9187 33.3087 0
-80.4301 33.0069 0
-80.2086 33.1559 0
-80.4289 33.4362 0
-80.1014 33.3494 0
-80.5066 33.4657 0
-80.4245 33.7873 0
-80.5202 34.2169 0
-81.1853 34.3061 0
-81.6284 34.8187 0
-78.9876 34.214 0
-80.9423 34.4922 0
-81.0666 34.9714 0
-82.9487 35.037 0
-80.3431 33.6778 0
-80.5027 33.817 0
-79.7841 33.5794 0
-79.9102 33.9442 0
-79.7614 33.4523 0
-79.9572 33.6076 0
-79.6599 33.2156 0
-79.403 33.6655 0
-79.7592 33.3727 0
-79.4866 33.1073 0
-79.9677 33.3366 0
-79.5266 33.2019 0
-82.9244 34.99 0
-81.0101 32.1813 0
-81.1497 32.3492 0
-81.3308 32.8794 0
-81.26 34.2549 0
-80.3514 33.4065 0
-81.2988 34.8977 0
-80.6118 32.8428 0
-80.4443 32.8955 0
-80.8283 32.2667 0
-80.8151 32.3775 0
-80.3231 32.6931 0
-80.9552 32.1991 0
-80.4594 32.3575 0
-80.1764 32.792 0
-80.0672 32.9055 0
-80.9582 32.9735 0
-81.6985 34.4125 0
-83.2027 34.8096 0
-83.0404 34.562 0
-83.0483 34.6422 0
-83.219 34.7761 0
-82.0656 33.6084 0
-82.2426 33.9029 0
-82.2299 33.7435 0
-82.1341 33.7487 0
-82.0107 33.8993 0
-82.3453 33.9773 0
-82.1068 33.8942 0
-82.0443 33.8335 0
-82.6246 34.7336 0
-80.8571 32.4707 0
-81.729 33.179 0
-81.4919 34.5346 0
-81.1714 34.0659 0
-81.7784 34.7148 0
-81.9491 34.1109 0
-81.0084 34.9898 0
-81.6055 34.7713 0
-81.2135 34.7881 0
-81.0264 34.6018 0
-81.1935 34.1131 0
-81.9211 34.2569 0
-80.6462 34.4218 0
-80.7912 34.5941 0
-81.1557 34.8065 0
-81.3046 34.3495 0
-80.0172 34.2623 0
-80.0704 34.6792 0
-80.1927 34.8051 0
-80.7101 34.1307 0
-80.8835 34.865 0
-80.1871 34.1299 0
-80.9649 34.186 0
-80.5346 34.1042 0
-80.2838 34.1274 0
-80.3019 34.0948 0
-81.6806 34.7195 0
-82.2477 34.4489 0
-82.9662 34.8092 0
-82.1422 34.1008 0
-82.6223 34.9278 0
-82.8142 34.4476 0
-82.2711 34.4959 0
-82.4588 34.4047 0
-82.7317 34.6141 0
-79.9127 34.0241 0
-82.9102 34.6351 0
-81.7091 34.8473 0
-81.0134 34.0079 0
-80.2653 33.648 0
-81.4398 33.1129 0
-81.886 33.7776 0
-81.2662 33.7099 0
-81.3718 33.243 0
-81.4851 33.8285 0
-81.3151 33.8838 0
-81.6663 33.6603 0
-81.5901 33.0902 0
-81.4348 33.0336 0
-81.4786 33.127 0
-82.6104 34.5731 0
-79.6457 33.4067 0
-82.3484 34.2501 0
-81.6624 35.0273 0
-81.6504 35.1412 0
-81.9405 35.0463 0
-79.4232 33.7131 0
-80.4889 33.4981 0
-80.7693 33.7605 0
-80.0904 33.0318 0
-80.1194 33.3171 0
-80.9872 33.8807 0
-80.5736 33.2567 0
-80.6437 33.1273 0
-80.4334 33.0862 0
-80.7674 33.3299 0
-80.6824 33.142 0
-81.0527 33.6704 0
-82.549 34.3189 0
-80.3677 32.866 0
-80.2869 34.2075 0
-81.241 33.9349 0
-82.6199 35.1224 0
-82.4396 35.1005 0
-82.4227 35.1339 0
-82.0279 35.1553 0
-80.7024 33.9707 0
-80.7217 34.3711 0
-80.6394 34.6957 0
-79.664 33.3745 0
-79.1529 33.6048 0
-79.5248 33.1225 0
-79.9185 33.5925 0
-79.4654 33.8883 0
-79.711 33.7084 0
-79.1167 33.7488 0
-79.9805 33.1455 0
-79.3303 33.8741 0
-79.1889 33.461 0
-80.0145 34.1821 0
-81.0015 32.3707 0
-81.1373 32.4602 0
-81.3334 32.6101 0
-81.0567 32.7004 0
-81.2105 32.7577 0
-79.1178 33.8286 0
-79.2541 33.9231 0
-80.1821 32.9502 0
-80.3916 32.9921 0
-80.5941 32.448 0
-80.8531 32.392 0
-80.7465 32.5062 0
-80.1558 32.745 0
-80.2528 32.8216 0
-80.7675 32.5528 0
-80.8425 32.9301 0
-80.8833 32.249 0
-83.1538 34.7159 0
-83.1375 34.7494 0
-83.0805 34.7694 0
-83.0163 34.5152 0
-83.1215 34.5889 0
-82.1051 33.6223 0
-82.0945 33.7348 0
-82.157 33.7955 0
-80.6322 32.4626 0
-79.6784 33.9327 0
-81.1603 34.8871 0
-81.8072 34.8426 0
-81.0927 34.3901 0
-81.7552 34.9421 0
-81.1981 34.1932 0
-81.1195 34.5177 0
-81.7557 34.3937 0
-81.8993 34.7574 0
-81.4446 34.7139 0
-81.79 34.3277 0
-82.5983 34.8807 0
-80.4738 34.0419 0
-80.5057 34.3297 0
-80.6028 34.3267 0
-80.5814 34.7136 0
-82.3717 34.7646 0
-80.7851 34.0801 0
-80.938 34.4119 0
-80.5092 34.41 0
-80.2661 34.6743 0
-80.0511 34.1172 0
-82.2012 34.3548 0
-82.6767 34.4401 0
-82.2722 34.0295 0
-82.0059 34.092 0
-82.974 34.8896 0
-82.1525 34.7282 0
-82.0609 34.8137 0
-82.1653 34.8891 0
-79.9386 34.232 0
-79.8161 34.0261 0
-81.1796 33.8733 0
-81.7399 33.3377 0
-81.4938 33.3651 0
-81.8577 33.6511 0
-81.9987 33.7398 0
-81.4528 33.6221 0
-81.6153 33.7586 0
-81.7008 33.3237 0
-81.7958 33.8621 0
-81.3621 33.0844 0
-80.45 33.4833 0
-80.2264 33.6331 0
-79.4047 33.7453 0
-81.4169 34.5861 0
-80.0122 34.6966 0
-81.0657 33.5582 0
-79.7461 32.8966 0
-79.9654 32.6705 0
-81.9578 35.0131 0
-78.8861 33.7347 0
-78.9444 33.7982 0
-79.7025 33.3897 0
-80.8751 34.704 0
-81.5181 34.9368 0
-80.9013 33.3412 0
-80.988 33.1789 0
-80.4 33.6602 0
-80.5774 33.7668 0
-80.8653 33.7572 0
-80.9521 33.946 0
-80.3368 33.5185 0
-80.7988 33.9675 0
-80.5843 33.4952 0
-80.9749 33.2907 0
-81.7457 33.1464 0
-80.0422 33.2871 0
-80.7202 33.9381 0
-80.5275 33.9442 0
-82.0687 35.1694 0
-82.6703 35.0221 0
-82.039 35.0413 0
-80.4072 34.7672 0
-80.5702 33.6073 0
-80.0013 33.7823 0
-81.7901 33.7823 0
-79.9341 33.4806 0
-79.8386 33.4826 0
-79.077 33.6534 0
-79.2843 33.4599 0
-79.3 33.2687 0
-79.5986 33.8222 0
-79.415 33.3149 0
-79.5744 33.615 0
-79.7336 33.8358 0
-79.8919 33.9766 0
-79.841 33.5623 0
-80.5017 34.6838 0
-80.3231 34.1423 0
-81.0995 32.7938 0
-81.0947 32.3671 0
-81.0523 32.2742 0
-81.3525 32.9261 0
-81.3329 33.2288 0
-81.0354 32.6538 0
-81.3694 32.8936 0
-81.0617 34.1824 0
-81.18 32.5532 0
-81.0653 32.8585 0
-79.4857 33.9359 0
-79.619 33.8698 0
-80.8132 34.6416 0
-79.6053 33.3119 0
-80.5002 32.878 0
-80.8453 32.2346 0
-80.9457 32.7363 0
-80.48 32.4042 0
-80.9375 32.5784 0
-80.8385 32.851 0
-80.8079 32.9948 0
-80.0415 32.7003 0
-80.3645 32.7869 0
-80.6012 32.6058 0
-81.8865 34.0499 0
-80.2531 33.3296 0
-82.0979 34.2799 0
-82.3953 34.8117 0
-83.1458 34.6357 0
-83.0233 34.7893 0
-82.4814 33.9855 0
-79.8069 33.7065 0
-78.9623 33.6863 0
-78.8109 33.9429 0
-78.6178 33.8637 0
-78.8884 33.9744 0
-78.9238 33.6706 0
-78.9427 33.6386 0
-78.7532 33.9592 0
-78.9452 33.8781 0
-78.7145 33.9434 0
-78.695 33.8955 0
-81.2378 34.2076 0
-81.7613 34.4739 0
-81.1456 34.2916 0
-81.2823 34.3022 0
-81.7727 34.6345 0
-81.1864 34.6601 0
-81.4096 34.78 0
-81.3441 34.9928 0
-80.8805 34.43 0
-80.4447 34.2673 0
-82.7853 34.9826 0
-80.9416 34.8468 0
-81.6948 33.5153 0
-81.5772 33.4729 0
-80.338 34.0298 0
-80.8599 34.0294 0
-80.6935 34.5973 0
-80.7813 34.7878 0
-80.4653 34.7494 0
-80.8972 34.7516 0
-81.4641 34.407 0
-80.9774 34.781 0
-80.9025 34.4775 0
-80.4402 34.6212 0
-80.8311 34.6088 0
-81.2811 34.9307 0
-82.4785 34.1784 0
-82.1907 34.4681 0
-82.5031 34.6924 0
-82.1948 34.2747 0
-82.7058 34.761 0
-82.3446 34.9116 0
-82.2786 34.1094 0
-82.6485 34.7807 0
-79.9202 34.2644 0
-80.5525 33.6398 0
-81.4228 33.1454 0
-81.2505 33.1209 0
-81.7678 33.4639 0
-81.0095 33.2258 0
-81.4447 33.1921 0
-81.504 33.5241 0
-81.8408 33.6839 0
-81.5108 33.3325 0
-81.3083 33.4528 0
-81.9424 33.7587 0
-81.404 34.0723 0
-81.3743 33.5936 0
-79.69 32.9135 0
-79.692 32.9927 0
-79.6157 32.9624 0
-81.4271 34.747 0
-81.0353 35.1182 0
-79.9077 33.8642 0
-78.9461 33.958 0
-80.5109 32.6876 0
-79.6681 33.5337 0
-80.4367 33.1655 0
-80.3356 33.0096 0
-80.4685 33.0216 0
-80.0037 33.2721 0
-80.3158 33.4712 0
-80.1724 33.7302 0
-80.0556 33.6852 0
-80.5246 33.0041 0
-80.7149 33.4273 0
-81.5784 33.202 0
-78.9867 34.1338 0
-80.5876 33.145 0
-81.2143 33.808 0
-82.639 34.8945 0
-82.6775 35.1027 0
-82.3003 35.0921 0
-82.1438 35.1168 0
-82.3887 35.2007 0
-80.8921 33.5327 0
-80.298 33.5036 0
-79.0425 33.9572 0
-79.8592 33.53 0
-79.0759 33.5737 0
-79.7131 33.7882 0
-79.9037 33.1155 0
-79.5813 33.1057 0
-79.1716 33.5727 0
-79.4101 33.0767 0
-79.757 33.2932 0
-79.8159 33.3557 0
-81.1675 32.6644 0
-81.0778 32.3994 0
-81.3429 32.768 0
-81.3186 32.991 0
-81.1765 32.8224 0
-81.1329 32.3814 0
-81.2828 32.7072 0
-81.0268 32.8441 0
-79.3258 33.6347 0
-80.0115 33.5107 0
-79.3735 33.1407 0
-80.5991 34.2466 0
-80.0529 33.6055 0
-82.7978 34.4809 0
-80.556 32.4335 0
-80.2322 32.7747 0
-80.5595 32.9395 0
-80.4834 32.483 0
-80.8702 32.3598 0
-80.7561 32.3165 0
-80.5211 32.9249 0
-80.4793 32.8311 0
-80.8346 32.772 0
-80.1205 32.8092 0
-80.1055 32.9205 0
-82.1884 34.1947 0
-83.0725 34.6891 0
-83.0477 34.8362 0
-82.7538 34.8551 0
-80.8434 34.8503 0
-80.4693 32.594 0
-82.6413 34.7003 0
-81.671 34.0122 0
-81.4661 34.1338 0
-81.8355 34.1487 0
-81.7498 34.5872 0
-81.7611 34.748 0
-81.177 34.4994 0
-81.0265 34.248 0
-81.7842 34.5211 0
-81.5478 34.7901 0
-81.3494 34.4441 0
-80.0468 32.8585 0
-80.3756 33.5333 0
-79.8271 33.0853 0
-82.1311 34.9556 0
-81.3474 33.4671 0
-81.1093 33.6523 0
-80.9338 34.3317 0
-80.6974 34.6777 0
-80.0042 34.4554 0
-80.8367 34.3351 0
-80.4593 34.1545 0
-80.2506 34.2726 0
-80.4153 34.4931 0
-80.1837 34.5637 0
-80.8504 34.2222 0
-80.8888 34.5907 0
-82.7336 34.4204 0
-82.1989 34.0817 0
-82.8276 34.8019 0
-82.4765 34.8394 0
-82.081 34.313 0
-82.9013 34.7488 0
-79.2815 33.3008 0
-82.5129 34.5788 0
-79.8809 34.2492 0
-79.844 34.3142 0
-79.9595 34.2796 0
-81.8574 33.3798 0
-81.4617 33.1596 0
-81.1576 33.8262 0
-81.841 33.956 0
-81.1171 33.1104 0
-81.8634 33.7307 0
-81.3016 33.0235 0
-81.0136 33.6559 0
-81.4086 33.5283 0
-81.5447 33.2672 0
-81.1127 33.0312 0
-81.5773 34.6436 0
-81.6005 33.2487 0
-81.8875 34.5966 0
-81.5814 34.9987 0
-82.8068 34.3675 0
-81.7666 35.1034 0
-81.6098 35.1269 0
-81.089 35.0191 0
-82.8517 34.8489 0
-82.3143 34.7839 0
-78.8489 33.8787 0
-78.5987 33.8957 0
-80.2355 34.3855 0
-81.0442 34.9238 0
-80.7615 33.6011 0
-80.0242 33.3194 0
-80.6556 33.7962 0
-80.9262 33.819 0
-80.676 33.4126 0
-80.3127 33.3917 0
-80.6986 33.8908 0
-80.0683 33.4935 0
-80.0959 33.1905 0
-79.4918 33.3456 0
-82.1166 34.5204 0
-79.777 34.0109 0
-79.8576 34.1214 0
-79.9018 34.2969 0
-79.5889 33.4236 0
-82.0872 34.3931 0
-80.3438 32.74 0
-79.9062 33.1948 0
-79.7164 33.1986 0
-79.3998 33.5061 0
-79.5966 33.7423 0
-81.6679 33.1183 0
-80.5631 33.4481 0
-80.0349 33.6378 0
-82.2595 35.0782 0
-82.2082 35.1782 0
-82.7686 35.016 0
-82.6127 35.0417 0
-80.3387 33.0889 0
-82.3988 35.0866 0
-82.3173 35.0588 0
-80.8221 33.6629 0
-79.4848 33.028 0
-79.8363 33.403 0
-79.3383 33.2841 0
-79.0405 33.7974 0
-79.9467 33.8794 0
-79.1378 33.8764 0
-79.0216 33.8295 0
-79.5706 33.4557 0
-81.625 34.1908 0
-80.606 33.9738 0
-81.9277 34.6107 0
-81.4686 32.9686 0
-81.1542 32.4279 0
-81.1247 32.5713 0
-81.2781 32.6283 0
-81.3091 32.8328 0
-81.171 32.3957 0
-80.8758 33.2148 0
-80.1228 34.5008 0
-80.0808 33.3021 0
-82.8052 34.5611 0
-80.2789 32.5205 0
-80.3087 32.8043 0
-80.1587 32.8241 0
-80.9758 32.5928 0
-80.563 32.5912 0
-80.2116 32.7277 0
-80.1937 33.2675 0
-81.0353 33.703 0
-81.3546 33.8982 0
-81.289 34.7366 0
-79.9093 34.5379 0
-83.3329 34.7359 0
-83.0398 34.7559 0
-83.0567 34.5286 0
-82.0489 33.6413 0
-82.0717 33.688 0
-82.0262 33.5945 0
-82.061 33.8006 0
-82.1235 33.8613 0
-82.4596 34.8727 0
-82.1758 34.0348 0
-81.6196 34.1108 0
-81.4867 34.4543 0
-81.2312 34.7551 0
-81.1023 34.9055 0
-81.0263 34.9568 0
-81.357 34.2509 0
-81.0442 34.5689 0
-80.973 34.7005 0
-80.6613 34.7434 0
-81.704 34.4927 0
-82.0888 34.667 0
-82.1823 34.8558 0
-79.565 33.2172 0
-82.3276 34.9449 0
-80.0119 34.102 0
-80.5166 34.1368 0
-80.3542 34.4305 0
-80.3625 34.1573 0
-80.202 34.531 0
-80.9996 34.8286 0
-80.3501 32.8982 0
-81.7213 34.4597 0
-80.6387 34.2614 0
-82.9354 34.4882 0
-82.1059 34.6338 0
-82.1695 34.695 0
-82.6602 34.4733 0
-82.8261 34.9963 0
-82.2413 34.3687 0
-82.449 34.5181 0
-82.4054 34.698 0
-79.9437 34.3924 0
-79.9805 34.3273 0
-80.7478 33.7133 0
-80.7486 32.1592 0
-80.5453 33.9117 0
-81.1685 33.0131 0
-81.1402 33.8589 0
-81.629 33.1043 0
-81.7122 33.2117 0
-81.6323 33.7258 0
-81.3448 33.7386 0
-82.663 34.9416 0
-81.9133 33.361 0
-80.1551 33.2526 0
-80.2383 33.4414 0
-81.7448 33.9606 0
-81.8014 34.488 0
-83.0061 35.0171 0
-79.7101 32.9607 0
-82.1273 34.4071 0
-82.9001 34.943 0
-82.0156 34.9939 0
-82.5323 34.3521 0
-82.4893 34.5319 0
-81.9337 34.6911 0
-81.1958 33.4893 0
-81.784 35.0702 0
-80.8973 33.2617 0
-80.7036 33.1889 0
-80.2411 33.0121 0
-80.2353 33.3619 0
-80.4223 33.2772 0
-80.8718 33.1355 0
-80.0475 33.4462 0
-80.4099 33.8997 0
-80.6372 33.3979 0
-79.9701 34.0069 0
-79.3782 33.379 0
-82.8759 34.8959 0
-79.0582 33.6855 0
-82.1014 34.8278 0
-80.8244 32.1881 0
-78.8503 34.0387 0
-79.6014 33.153 0
-79.4551 33.4098 0
-80.827 34.5284 0
-80.6923 34.1634 0
-80.7084 32.4917 0
-82.392 35.006 0
-82.9078 35.0235 0
-80.581 33.8466 0
-80.2324 33.7926 0
-79.5449 33.1699 0
-79.8773 33.4978 0
-79.2274 33.4765 0
-79.5024 33.8237 0
-79.0384 33.6378 0
-79.8251 33.6743 0
-79.4568 33.4894 0
-79.1565 33.8442 0
-79.0946 33.5416 0
-79.1965 33.9397 0
-79.2801 33.2213 0
-81.0482 32.8909 0
-81.3815 32.7822 0
-81.155 32.7757 0
-81.0882 34.3099 0
-81.0566 32.3528 0
-81.0824 32.8261 0
-81.3044 32.7538 0
-80.1807 34.4833 0
-81.4989 33.4445 0
-80.518 32.4189 0
-80.8252 32.9625 0
-80.6494 32.4305 0
-80.5768 32.4802 0
-80.5319 32.308 0
-80.9155 32.88 0
-80.4767 32.3255 0
-80.4652 32.9424 0
-80.0008 32.6064 0
-80.1911 32.6808 0
-80.2263 33.1236 0
-80.8517 33.8696 0
-83.3005 34.8029 0
-83.2597 34.7895 0
-83.1212 34.7828 0
-82.0839 33.8474 0
-82.113 33.9741 0
-82.0035 33.5478 0
-82.1632 33.8752 0
-80.7791 33.5686 0
-81.995 34.2049 0
-81.8298 34.0687 0
-81.7333 34.0734 0
-81.887 34.3229 0
-81.8128 34.1017 0
-81.978 34.2379 0
-81.2457 34.9968 0
-81.6813 34.4455 0
-81.4953 34.8893 0
-81.3341 34.8316 0
-80.7263 33.6661 0
-80.8316 33.4711 0
-80.2776 33.9673 0
-82.4254 34.4711 0
-82.8607 34.7352 0
-80.7653 34.4662 0
-80.9287 34.6054 0
-80.8091 34.5612 0
-80.9825 34.1533 0
-80.6999 34.3236 0
-80.933 34.6858 0
-80.943 34.1387 0
-80.9035 34.1241 0
-80.8148 34.2877 0
-80.9515 34.2989 0
-81.5959 34.3368 0
-81.6394 34.9799 0
-82.5516 34.1258 0
-82.8381 34.4945 0
-82.136 34.0209 0
-82.321 34.8644 0
-82.658 34.667 0
-82.5479 34.9808 0
-82.287 34.931 0
-82.4459 34.7119 0
-80.9296 34.2515 0
-81.9197 33.7119 0
-81.2004 33.5689 0
-81.8523 33.8433 0
-81.1448 33.9388 0
-81.572 33.3934 0
-81.2096 33.7282 0
-81.9928 33.6602 0
-81.3281 33.1495 0
-81.626 33.9182 0
-81.031 33.2727 0
-81.6513 34.8662 0
-81.4242 34.3927 0
-80.5344 34.5379 0
-80.0676 34.5987 0
-79.9728 33.4957 0
-79.8023 33.5471 0
-79.099 33.8608 0
-80.5915 33.6545 0
-81.3351 33.5793 0
-80.3064 33.2327 0
-81.6458 34.7856 0
-81.0615 33.8299 0
-81.5613 34.4027 0
-81.9292 35.1603 0
-81.6854 35.0748 0
-81.4654 35.0362 0
-78.8868 33.8145 0
-78.8679 33.8466 0
-78.8496 33.9587 0
-81.5109 34.2281 0
-80.467 33.882 0
-80.4585 32.7842 0
-82.4359 34.8255 0
-81.5799 34.0966 0
-81.7733 33.5434 0
-80.9791 33.3702 0
-80.8158 33.1533 0
-80.4534 33.563 0
-80.4423 33.7548 0
-80.0221 33.8297 0
-80.451 33.0539 0
-80.6809 33.9234 0
-80.3495 33.8374 0
-80.4883 33.9294 0
-80.5596 33.3685 0
-82.8201 34.7216 0
-79.3243 33.555 0
-82.0376 34.7665 0
-80.6282 34.4545 0
-79.4953 33.5047 0
-79.6701 33.6134 0
-80.3295 34.3026 0
-79.9649 33.847 0
-82.4853 34.2583 0
-82.9999 34.5485 0
-80.4457 33.8347 0
-80.954 32.8944 0
-82.3751 34.5707 0
-82.1399 34.5675 0
-80.4138 32.6115 0
-80.6154 32.9219 0
-79.4585 33.569 0
-82.5213 35.1282 0
-82.5044 35.1616 0
-82.0968 35.0221 0
-82.7519 35.0495 0
-82.5719 35.028 0
-82.555 35.0614 0
-80.5075 32.6087 0
-79.7046 33.4693 0
-79.4216 33.6334 0
-79.8321 33.9138 0
-79.5228 33.8714 0
-79.9003 33.6248 0
-79.44 33.6012 0
-79.3966 33.347 0
-79.3982 33.4265 0
-79.7863 33.6591 0
-79.174 33.7322 0
-81.2997 32.6748 0
-81.2196 32.9158 0
-81.2735 32.5494 0
-81.1469 32.9663 0
-80.1029 33.9398 0
-81.0439 32.4638 0
-81.061 32.7794 0
-82.3513 34.9921 0
-79.678 33.1835 0
-79.7388 33.3254 0
-79.7367 33.2459 0
-79.9651 33.2571 0
-79.8182 33.4353 0
-79.3029 33.4278 0
-79.8639 33.6894 0
-79.9135 33.4333 0
-79.3552 33.1727 0
-79.9908 33.4634 0
-80.6335 33.3185 0
-81.0055 32.7974 0
-81.6386 33.5339 0
-82.4716 34.0984 0
-81.544 34.4357 0
-81.8745 33.6183 0
-82.5447 34.046 0
-80.1354 32.6981 0
-80.7158 32.6494 0
-80.8371 33.2003 0
-80.989 32.1348 0
-80.317 32.5352 0
-80.6923 32.9511 0
-80.524 33.8643 0
-80.861 32.5496 0
-80.0194 33.7499 0
-80.8963 32.1383 0
-80.8983 34.3972 0
-83.2272 34.8565 0
-83.1048 34.8163 0
-83.0069 34.8228 0
-82.3785 33.9113 0
-82.3852 34.4573 0
-80.0437 34.4705 0
-81.6142 34.0309 0
-81.523 34.1152 0
-81.1958 34.8211 0
-81.0977 34.8249 0
-81.327 34.3968 0
-81.4365 34.2796 0
-81.6078 34.2238 0
-81.053 34.3755 0
-81.525 34.7427 0
-79.8113 33.1968 0
-82.3617 34.4103 0
-80.9319 33.1969 0
-80.9964 33.3377 0
-81.8349 33.3331 0
-80.5812 34.2792 0
-80.5841 33.0657 0
-82.0905 34.9415 0
-80.8545 34.3024 0
-80.9595 34.8139 0
-80.5131 34.0568 0
-80.4254 34.7344 0
-80.6102 34.4873 0
-80.2476 34.1925 0
-80.1594 34.4356 0
-80.9865 34.5872 0
-80.7232 34.8059 0
-80.5848 34.3594 0
-80.1325 34.2275 0
-80.5633 34.7464 0
-80.3284 33.79 0
-80.6502 32.8574 0
-82.2953 34.0764 0
-82.5674 34.7532 0
-82.8621 34.5413 0
-82.041 34.299 0
-82.5887 34.9946 0
-82.7098 34.3736 0
-82.452 34.3246 0
-82.506 34.4986 0
-79.9621 34.3599 0
-81.7273 34.2664 0
-79.7067 33.5489 0
-79.194 33.7799 0
-80.3578 33.5657 0
-81.3451 33.117 0
-81.4285 33.847 0
-81.4306 33.5752 0
-81.4954 33.9882 0
-81.4517 33.0011 0
-81.144 33.5871 0
-81.0659 33.9098 0
-81.2882 33.757 0
-81.4717 33.3183 0
-81.7958 33.5902 0
-80.8062 33.3445 0
-80.7087 33.6986 0
-81.1539 34.0986 0
-81.9172 34.9989 0
-82.0951 34.7473 0
-81.2084 33.3772 0
-81.0441 33.8626 0
-82.2425 35.1115 0
-82.0227 34.059 0
-81.0886 34.6639 0
-81.0354 33.0024 0
-81.4833 34.1009 0
-81.5006 33.1738 0
-79.9298 32.7345 0
-79.8225 32.9268 0
-81.0619 34.536 0
-81.9345 34.9657 0
-81.4009 33.0987 0
-80.7256 34.4514 0
-81.4022 34.9742 0
-81.5226 33.2205 0
-81.5868 35.0793 0
-81.2279 35.0299 0
-81.8188 35.0038 0
-81.726 35.0891 0
-81.8711 35.1793 0
-78.9263 33.9102 0
-78.9839 33.8938 0
-80.5208 33.3538 0
-81.8014 34.7622 0
-81.1425 34.9201 0
-81.1357 33.7791 0
-82.9983 34.9366 0
-82.3683 34.9588 0
-80.8141 33.5036 0
-80.8612 33.6775 0
-80.0862 33.4612 0
-80.2714 33.8076 0
-80.125 33.4762 0
-80.9665 33.132 0
-80.0548 33.0962 0
-80.3336 33.4389 0
-80.5489 33.9916 0
-80.7948 33.8876 0
-79.3903 33.0293 0
-80.3082 34.255 0
-80.4549 34.508 0
-80.7885 32.5995 0
-80.7865 32.1737 0
-81.8631 33.4592 0
-82.1121 34.7142 0
-80.3444 34.1899 0
-80.9861 34.9421 0
-80.6357 32.5414 0
-79.5066 33.1546 0
-79.6822 33.3424 0
-81.584 34.4499 0
-81.4395 34.6335 0
-79.8979 33.5451 0
-82.9575 34.9231 0
-79.2686 33.6513 0
-80.1787 33.3793 0
-80.783 33.6482 0
-82.2229 34.8698 0
-80.6787 33.0627 0
-80.1306 33.6355 0
-81.1349 33.4279 0
-81.1806 34.226 0
-79.4282 33.9528 0
-80.6885 34.0833 0
-81.7843 34.2476 0
-80.2354 33.8725 0
-81.2631 33.9821 0
-82.0452 35.122 0
-82.4804 35.1143 0
-82.4057 35.1673 0
-82.1031 35.1027 0
-80.8518 32.7397 0
-79.6397 33.1683 0
-79.9416 33.7197 0
-79.7725 33.851 0
-79.1155 33.669 0
-79.1541 33.6845 0
-79.0802 33.8929 0
-82.0094 34.9134 0
-79.7707 33.1023 0
-79.8725 33.3386 0
-82.4452 34.2446 0
-80.8477 33.7898 0
-81.0057 32.4495 0
-81.1083 32.952 0
-79.7932 33.2289 0
-81.1241 32.2241 0
-81.0439 32.8118 0
-79.2971 33.1099 0
-82.0021 34.5586 0
-81.7672 34.2805 0
-81.1559 33.1247 0
-81.0875 33.6052 0
-82.5725 34.3658 0
-80.3293 32.8512 0
-80.9629 32.704 0
-80.6875 32.445 0
-80.6911 32.5238 0
-80.5387 32.4656 0
-80.0316 32.9698 0
-80.9887 32.4817 0
-80.7694 32.2057 0
-80.2204 32.9651 0
-80.1969 32.8389 0
-81.6413 34.4312 0
-80.8764 34.3498 0
-80.8839 33.3736 0
-83.17 34.8766 0
-80.9601 34.4593 0
-82.3348 34.5568 0
-80.5632 34.3119 0
-80.4946 34.523 0
-81.182 33.2509 0
-79.7886 33.7388 0
-80.6305 33.6692 0
-81.0748 34.0696 0
-81.6765 34.0922 0
-81.3292 34.7511 0
-81.3221 34.3166 0
-81.9047 34.5635 0
-81.0973 34.4703 0
-81.7147 34.9279 0
-81.7957 34.4078 0
-81.2298 34.4008 0
-81.5145 34.5819 0
-81.8071 34.2947 0
-81.5532 34.8706 0
-81.541 34.9843 0
-80.2441 33.0914 0
-81.7444 34.2334 0
-81.5588 33.7772 0
-79.9883 33.9745 0
-82.312 34.0434 0
-82.7151 34.6474 0
-80.8993 34.0441 0
-80.4413 34.1871 0
-80.5669 34.3921 0
-80.6641 34.3891 0
-80.0693 34.0847 0
-80.0015 34.3751 0
-80.8213 34.8026 0
-80.2324 34.3052 0
-80.8074 34.9161 0
-82.425 34.0048 0
-82.4119 34.3108 0
-82.2399 34.8365 0
-82.3246 34.6703 0
-82.7224 34.7277 0
-79.9831 33.2249 0
-82.8352 34.8823 0
-79.0187 33.5901 0
-82.2348 34.2886 0
-79.9462 34.4727 0
-79.8302 34.5073 0
-79.8184 34.1062 0
-79.4129 34.1452 0
-82.4186 34.3909 0
-80.8787 33.6449 0
-81.074 33.0168 0
-81.096 33.4135 0
-81.5057 33.2531 0
-81.5994 33.5197 0
-81.7282 33.7213 0
-81.4135 33.6078 0
-81.7176 33.291 0
-81.9081 33.5527 0
-79.9959 33.0341 0
-81.5989 34.9655 0
-79.3014 33.3482 0
-79.1765 33.892 0
-79.9421 33.1305 0
-79.9831 33.8146 0
-81.2617 34.6087 0
-81.4602 34.9555 0
-81.2629 33.0092 0
-81.1394 33.5075 0
-79.4717 33.2981 0
-79.8701 33.2592 0
-82.3251 34.2032 0
-81.5214 34.3884 0
-80.6458 32.3517 0
-81.48 33.7487 0
-81.3038 34.9783 0
-82.3718 34.2971 0
-81.2041 34.6272 0
-80.9845 32.4029 0
-80.1149 32.6511 0
-80.2027 32.9973 0
-79.6719 32.9455 0
-79.9322 32.8136 0
-80.6213 34.7285 0
-81.807 33.4779 0
-81.7618 33.9278 0
-81.5455 34.1624 0
-81.1775 33.1716 0
-81.1744 35.1291 0
-81.842 35.0512 0
-81.286 35.0113 0
-81.5111 35.1313 0
-79.6477 33.4863 0
-78.9255 33.8303 0
-78.6759 33.9275 0
-80.8102 33.424 0
-82.2607 34.6093 0
-81.7337 33.801 0
-80.5703 34.039 0
-80.9146 33.2293 0
-81.079 33.7973 0
-80.5912 33.2244 0
-80.9228 33.3882 0
-80.5243 33.4333 0
-80.9437 33.7864 0
-80.2114 33.7452 0
-80.3564 33.0566 0
-79.9805 33.7348 0
-80.2679 33.2179 0
-80.2887 33.265 0
-80.7049 33.6189 0
-82.653 34.3932 0
-81.6333 33.4543 0
-79.9193 33.004 0
-79.3918 33.1087 0
-79.1877 33.3814 0
-80.3756 32.5968 0
-81.773 34.0876 0
-80.4027 32.8016 0
-81.2441 34.6417 0
-79.2787 33.1419 0
-80.983 33.8009 0
-80.881 32.9446 0
-82.2076 34.4349 0
-80.3596 33.1359 0
-80.6898 33.3007 0
-81.5507 34.2424 0
-79.5083 33.234 0
-80.1486 33.6031 0
-82.3069 35.1728 0
-82.579 35.1086 0
-82.7111 35.0358 0
-82.6295 35.0083 0
-81.1241 34.5981 0
-82.6367 35.0889 0
-79.8882 33.227 0
-79.9209 33.6723 0
-79.6538 33.7254 0
-79.5612 33.0585 0
-79.5908 33.5032 0
-79.234 33.8753 0
-79.2354 33.9553 0
-79.1703 33.493 0
-79.5725 33.5354 0
-79.931 33.9917 0
-80.9342 32.1526 0
-81.277 33.247 0
-82.1716 34.2278 0
-82.0301 34.4122 0
-81.3502 32.5778 0
-81.0692 32.242 0
-81.0438 32.117 0
-81.0818 32.1313 0
-81.1586 32.5067 0
-81.326 32.8004 0
-81.138 32.8081 0
-81.7725 34.9089 0
-79.9673 34.5205 0
-79.5284 33.2814 0
-80.0655 33.4139 0
-81.0481 32.5426 0
-81.6522 34.5918 0
-80.2264 34.6592 0
-80.4848 33.8495 0
-81.5947 34.6105 0
-81.5246 33.8427 0
-80.7023 32.7607 0
-80.3708 32.9452 0
-80.598 32.9542 0
-80.5317 32.7345 0
-80.2972 32.9948 0
-80.9546 32.5462 0
-80.4727 32.673 0
-80.0638 33.9247 0
-80.5526 32.7813 0
-80.1326 32.6191 0
-81.1098 34.0042 0
-83.0809 34.5754 0
-83.0319 34.6756 0
-82.1507 33.7158 0
-82.5213 33.9992 0
-82.0382 33.7538 0
-82.5776 33.9798 0
-81.888 34.871 0
-81.7227 33.6417 0
-79.916 33.5129 0
-80.7356 34.2582 0
-81.2331 34.1276 0
-80.478 33.6899 0
-81.367 33.1637 0
-81.6089 33.951 0
-81.961 34.2709 0
-81.6304 34.2709 0
-81.0132 34.3609 0
-81.5971 34.0637 0
-81.4091 34.1523 0
-81.7899 34.6014 0
-81.1641 34.6126 0
-81.3619 34.331 0
-81.2871 34.3823 0
-80.2863 33.6953 0
-80.9015 34.8321 0
-80.2234 33.5534 0
-79.8 34.1386 0
-82.3818 34.651 0
-80.8681 34.1895 0
-80.5198 34.651 0
-80.0917 34.727 0
-80.7713 34.1928 0
-80.7733 34.6269 0
-80.9778 34.4265 0
-80.7832 34.4334 0
-80.6679 34.4694 0
-80.8793 34.7845 0
-80.797 34.3204 0
-80.8254 34.8832 0
-80.1353 34.3077 0
-82.3818 34.1839 0
-82.2323 34.0157 0
-82.6199 34.4596 0
-82.8442 34.7686 0
-82.5937 34.6063 0
-82.5533 34.5926 0
-79.9095 32.6875 0
-79.9831 32.6384 0
-79.8427 32.9739 0
-79.9679 32.7495 0
-79.726 32.8495 0
-79.9882 32.7965 0
-79.9704 32.8286 0
-79.7281 32.9287 0
-79.6538 32.9776 0
-79.7641 32.8646 0
-79.6619 33.295 0
-79.9753 34.167 0
-81.5824 33.5524 0
-81.8688 33.5387 0
-81.4819 33.4772 0
-81.1485 33.6667 0
-81.4179 33.0661 0
-81.3792 33.6732 0
-81.005 33.4967 0
-79.6092 33.471 0
-81.0915 33.3341 0
-81.5365 33.7302 0
-82.2945 34.543 0
-81.3297 34.1236 0
-79.4769 33.5369 0
-81.5881 34.8044 0
-79.6743 33.7729 0
-82.2123 34.9836 0
-81.2696 34.4152 0
-79.0207 33.7497 0
-80.7962 32.7575 0
-81.9879 33.8524 0
-81.6036 33.8712 0
-79.9476 32.7025 0
-82.1024 34.0869 0
-79.8 32.8005 0
-80.8572 33.5978 0
-81.7956 34.9563 0
-81.2209 33.2653 0
-81.057 33.3991 0
-82.0082 34.6389 0
-80.086 34.5661 0
-80.019 33.1605 0
-80.5031 33.3862 0
-81.0871 33.2547 0
-81.3845 35.0073 0
-81.4073 35.0548 0
-81.8479 35.1319 0
-81.483 35.003 0
-81.6274 35.0937 0
-82.4962 34.6121 0
-78.8482 33.7988 0
-82.0179 34.2519 0
-80.721 33.1566 0
-80.9045 33.7718 0
-81.3548 33.2756 0
-79.5155 33.5522 0
-80.0168 33.6701 0
-80.9707 33.2113 0
-80.8491 33.4386 0
-80.3189 33.5508 0
-80.7595 33.9528 0
-80.6511 33.2861 0
-80.9834 33.4497 0
-80.3042 33.6629 0
-80.1966 33.347 0
-80.4923 33.5778 0
-80.0065 33.942 0
-81.7504 34.0405 0
-80.5105 33.1156 0
-80.185 33.0295 0
-80.8952 33.9641 0
-79.5763 33.6948 0
-82.4154 34.5845 0
-79.6395 33.9174 0
-80.1372 33.2848 0
-80.2561 33.4091 0
-81.6997 33.8667 0
-80.374 33.9647 0
-81.3893 34.4585 0
-80.5705 34.4724 0
-80.3091 34.7699 0
-79.4971 33.5844 0
-79.9411 34.3122 0
-80.4467 33.4038 0
-80.2826 33.1063 0
-80.1565 34.3553 0
-80.1615 32.9032 0
-79.8834 33.0683 0
-81.6923 34.606 0
-80.2175 32.8859 0
-81.5546 34.5962 0
-79.372 33.0613 0
-82.8669 35.0099 0
-82.4635 35.1477 0
-81.69 33.165 0
-81.1704 33.7138 0
-79.6983 33.2308 0
-79.676 33.1041 0
-79.2088 33.5085 0
-79.8457 33.7217 0
-79.752 33.8035 0
-79.7954 33.9785 0
-79.5635 33.9667 0
-79.4666 33.06 0
-79.9857 33.3044 0
-79.4199 33.5536 0
-79.2432 33.2853 0
-82.0471 34.3791 0
-79.3368 33.2047 0
-82.9818 34.9701 0
-81.2799 32.9768 0
-81.4032 32.8288 0
-81.1924 32.4422 0
-81.2444 32.693 0
-81.8126 33.5575 0
-80.5349 33.242 0
-81.3213 32.7214 0
-80.6832 34.7911 0
-79.3398 33.3636 0
-82.2776 34.5761 0
-82.4627 34.6786 0
-80.7792 34.3531 0
-80.9083 32.3742 0
-81.2038 33.2978 0
-79.9396 33.0512 0
-82.0934 34.4733 0
-80.739 32.3486 0
-80.8663 32.2811 0
-80.5922 34.52 0
-80.32 32.6141 0
-80.8213 32.8833 0
-80.0619 32.7473 0
-80.7256 32.4595 0
-80.4377 32.7373 0
-80.9402 33.3557 0
-80.5384 33.3214 0
-80.4356 33.5954 0
-81.0923 34.0369 0
-83.2433 34.629 0
-80.2234 33.0443 0
-83.1864 34.6491 0
-83.0889 34.6557 0
-83.3167 34.7694 0
-83.2435 34.823 0
-82.1465 33.9081 0
-82.0215 33.7867 0
-82.0322 33.6741 0
-82.2657 33.9497 0
-81.4036 33.4487 0
-82.5629 34.4791 0
-80.9109 34.6382 0
-81.3987 33.3693 0
-81.2505 34.0948 0
-81.9998 34.0121 0
-81.5178 34.0353 0
-81.6798 34.9942 0
-81.7389 34.1534 0
-81.4609 34.0538 0
-81.2028 34.2733 0
-81.0397 34.4886 0
-81.2156 34.1604 0
-81.2075 34.3534 0
-80.8858 34.1568 0
-81.9263 34.0639 0
-82.0656 34.6198 0
-79.2234 33.2379 0
-82.1379 34.2939 0
-81.6917 34.8804 0
-80.9634 32.3564 0
-80.5163 34.5706 0
-80.2537 34.3528 0
-80.7593 34.7402 0
-80.9203 34.4447 0
-80.5778 34.6332 0
-80.0464 34.5509 0
-80.0307 34.664 0
-80.8877 34.9456 0
-80.1315 34.7422 0
-80.263 34.5938 0
-80.0804 34.4054 0
-82.6222 34.2663 0
-82.7243 34.5339 0
-82.1148 34.2469 0
-82.4218 34.1977 0
-82.4151 34.1178 0
-82.5157 34.3853 0
-82.0748 34.2329 0
-82.8532 34.6549 0
-82.4087 34.5043 0
-79.856 34.7161 0
-79.8943 34.0566 0
-79.0645 34.1652 0
-81.9542 33.9182 0
-79.9675 33.9269 0
-79.9168 34.7793 0
-80.5955 34.1665 0
-80.9395 33.7066 0
-81.6656 33.9323 0
-81.0138 33.3052 0
-81.4207 33.4161 0
-81.4768 33.3977 0
-81.174 33.4423 0
-81.4903 33.9083 0
-81.32 33.9637 0
-81.6887 33.7072 0
-81.1043 33.2222 0
-81.1877 33.6811 0
-79.9217 33.0833 0
-80.9416 32.6573 0
-81.95 34.3841 0
-80.6342 33.749 0
-81.5344 33.1086 0
-82.365 34.6842 0
-81.9922 34.9466 0
-80.7444 32.8543 0
-79.29 33.7788 0
-82.495 34.1452 0
-82.3684 34.4904 0
-81.624 34.4642 0
-81.7381 34.7006 0
-79.3893 33.9373 0
-79.8786 32.9098 0
-79.7843 32.9117 0
-82.2974 34.8172 0
-80.957 33.674 0
-81.9106 34.6438 0
-81.5277 33.2998 0
-81.2552 33.2002 0
-81.1567 33.4749 0
-80.9912 34.3135 0
-81.3518 34.7986 0
-80.4982 34.6034 0
-81.1875 35.0153 0
-81.5517 35.1457 0
-81.9465 35.127 0
-81.9059 35.1128 0
-81.6219 35.013 0
-81.8305 35.1651 0
-79.5246 33.9513 0
-82.0438 34.8469 0
-80.1138 33.1583 0
-81.2775 34.222 0
-81.001 33.0672 0
-81.0612 33.1285 0
-81.4673 34.7614 0
-80.8393 34.7697 0
-80.2894 33.7751 0
-80.6936 33.3802 0
-80.9054 33.4207 0
-80.2832 33.6156 0
-80.5668 33.959 0
-80.5807 33.4157 0
-80.8734 33.9169 0
-80.9654 33.8335 0
-80.2293 33.203 0
-80.1098 33.5881 0
-80.2501 33.2501 0
-82.7464 34.7747 0
-81.4667 33.2389 0
-79.2075 33.4289 0
-80.111 33.0789 0
-79.8187 34.7813 0
-80.6575 34.6629 0
-81.7157 34.3795 0
-81.4725 34.8419 0
-79.1354 33.7166 0
-79.9252 34.4249 0
-80.3451 33.2476 0
-80.3854 33.7725 0
-81.4322 34.8275 0
-82.5339 34.8198 0
-80.0959 34.2926 0
-80.4584 34.5884 0
-81.274 33.518 0
-80.9961 33.6885 0
-80.1644 32.9824 0
-82.5986 34.2194 0
-81.004 34.9091 0
-81.5143 33.6833 0
-82.0218 35.0746 0
-79.7302 33.0079 0
-79.5048 33.0752 0
-79.9086 33.2742 0
-79.2114 33.668 0
-79.0395 33.7176 0
-79.2858 33.5395 0
-79.7548 33.2138 0
-79.1691 33.4134 0
-79.3043 33.5074 0
-79.4014 33.5858 0
-82.3551 34.3302 0
-82.1994 34.8226 0
-80.4711 33.5305 0
-80.5873 32.7169 0
-80.9717 32.5139 0
-79.2153 33.9075 0
-82.6508 34.5868 0
-81.0097 32.8765 0
-81.3912 32.9403 0
-81.099 32.4459 0
-81.4141 34.2324 0
-81.2138 32.4887 0
-81.0737 32.6681 0
-81.163 32.5855 0
-80.6065 34.407 0
-81.2059 32.6787 0
-80.9817 34.8615 0
-80.1466 33.0146 0
-80.8267 32.614 0
-81.0397 34.1351 0
-81.5159 33.4119 0
-81.3794 34.9266 0
-82.5226 34.4654 0
-80.8572 34.7368 0
-80.0334 34.7445 0
-80.9973 32.292 0
-79.4417 33.6809 0
-82.6318 34.814 0
-80.798 32.4097 0
-80.777 32.3631 0
-80.5386 32.8926 0
-80.84 32.5029 0
-80.9712 32.8621 0
-80.7331 32.6172 0
-80.7617 32.822 0
-80.2293 32.6956 0
-80.556 32.8604 0
-80.4968 32.7989 0
-80.3773 34.0447 0
-79.7751 33.2611 0
-80.4158 33.1184 0
-80.6482 33.6367 0
-80.5909 32.7959 0
-83.1782 34.7628 0
-82.2362 33.8232 0
-81.7096 34.573 0
-80.4678 33.451 0
-80.3105 33.8225 0
-81.555 33.4261 0
-80.1544 33.7626 0
-80.3348 33.9498 0
-81.983 34.045 0
-81.504 34.4213 0
-81.8415 34.5022 0
-81.457 34.6005 0
-81.3095 34.4297 0
-81.0932 34.7444 0
-81.422 34.6665 0
-81.352 34.1708 0
-81.859 34.7432 0
-81.9041 34.2899 0
-81.6539 34.0451 0
-81.5733 34.2896 0
-82.5559 34.399 0
-81.6991 34.1392 0
-81.8649 34.8237 0
-81.0007 33.4172 0
-81.1018 34.5506 0
-81.0219 34.8762 0
-79.9234 33.752 0
-82.1316 34.2138 0
-82.3414 34.6371 0
-81.3819 34.6521 0
-81.2231 34.9492 0
-80.968 32.0884 0
-81.2288 33.0741 0
-81.644 33.6134 0
-80.0732 34.7597 0
-80.32 34.0623 0
-80.275 34.4005 0
-80.041 34.3902 0
-80.422 34.6539 0
-80.2447 34.6265 0
-80.9211 34.0914 0
-80.675 32.9834 0
-80.6603 34.3089 0
-80.6537 34.5825 0
-81.8245 34.8095 0
-81.8187 34.729 0
-82.6481 34.12 0
-82.2116 34.2417 0
-82.7887 34.5944 0
-82.7428 34.3071 0
-82.7445 34.9689 0
-82.2569 34.8033 0
-82.2052 34.1617 0
-82.7778 34.9021 0
-79.8993 34.2168 0
-79.7054 34.2206 0
-79.9278 34.5053 0
-79.9647 34.4402 0
-82.3179 34.59 0
-80.0621 34.4379 0
-80.9086 33.8516 0
-80.1695 33.6505 0
-81.1658 33.6341 0
-81.1522 33.3954 0
-81.2459 33.0417 0
-81.2395 33.5832 0
-81.5837 33.2814 0
-81.4256 33.4956 0
-81.7788 33.8949 0
-81.4163 33.9596 0
-81.5865 33.904 0
-81.2692 33.4385 0
-81.2016 33.9205 0
-82.8786 34.508 0
-80.8085 33.7752 0
-79.8746 34.6835 0
-82.1336 34.4872 0
-80.8962 33.6124 0
-80.3852 32.8338 0
-81.2237 33.9676 0
-80.5052 34.7643 0
-80.869 32.7074 0
-81.7509 33.4966 0
-81.8976 33.9371 0
-79.6518 33.6456 0
-81.4699 33.5894 0
-79.9856 32.7175 0
-79.7821 32.8326 0
-79.0968 33.7011 0
-79.4688 34.0482 0
-81.967 34.351 0
-80.9294 32.4208 0
-80.355 32.55 0
-81.6058 33.3281 0
-81.6485 33.9652 0
-81.2998 34.2693 0
-79.3598 33.4111 0
-80.4876 34.3624 0
-81.459 34.3268 0
-80.029 32.8906 0
-81.3523 33.5466 0
-81.4558 33.9739 0
-81.4477 35.0693 0
-81.9638 35.0937 0
-81.5287 35.0981 0
-78.9435 33.7183 0
-82.943 34.5684 0
-80.3305 33.3593 0
-83.0646 34.6088 0
-83.0241 34.5954 0
-83.0148 34.9032 0
-83.0635 34.9971 0
-83.1052 34.6223 0
-83.1701 34.6825 0
-83.1945 34.7293 0
-83.0972 34.5421 0
-83.1295 34.6691 0
-83.2352 34.7427 0
-80.5958 34.6004 0
-79.0018 33.7817 0
-81.5585 34.9512 0
-81.8353 33.8761 0
-80.7073 33.2683 0
-80.8828 33.7246 0
-80.4929 33.1479 0
-80.2856 33.1856 0
-80.0835 33.3816 0
-80.7302 33.7459 0
-80.8261 33.7426 0
-80.5454 33.4805 0
-80.1001 33.8599 0
-80.9534 33.2438 0
-82.5296 34.5456 0
-80.8668 34.5431 0
-80.7952 34.6745 0
-80.0519 34.7118 0
-81.0091 33.9279 0
-82.4084 34.0379 0
-80.2996 34.5285 0
-81.1058 34.2771 0
-80.2381 32.9329 0
-81.362 33.7059 0
-81.0397 34.8432 0
-80.1528 34.79 0
-79.3459 33.6823 0
-80.619 33.0011 0
-80.9744 33.6414 0
-81.7341 33.5293 0
-80.6622 33.5246 0
-81.9851 34.5917 0
-82.9167 34.9095 0
-80.6171 34.2139 0
-80.0039 33.8621 0
-81.3066 34.7036 0
-80.5422 32.5444 0
-80.285 32.6783 0
-81.2568 33.5506 0
-81.3055 33.7243 0
-81.219 33.8878 0
-81.0353 33.3521 0
-82.6459 34.3131 0
-82.7904 34.4008 0
-80.7576 33.5215 0
-81.1104 34.3572 0
-81.9165 34.7242 0
-79.1914 33.6203 0
-82.4551 34.1315 0
-82.4973 35.081 0
-79.6111 33.5506 0
-82.5072 34.967 0
-81.7789 33.623 0
-81.6725 33.4685 0
-79.45 33.1713 0
-79.9291 33.3215 0
-79.226 33.3969 0
-79.9242 33.1627 0
-79.4317 33.2034 0
-79.6025 33.9821 0
-79.9754 33.5753 0
-79.6905 33.6609 0
-79.2742 33.9708 0
-80.4019 34.1722 0
-80.6401 33.048 0
-80.8993 32.564 0
-80.1382 32.7771 0
-80.3316 33.8699 0
-81.0781 32.7471 0
-81.1254 32.9196 0
-81.189 32.711 0
-81.0396 32.7328 0
-80.9096 33.5002 0
-79.7185 33.2781 0
-79.0226 33.9094 0
-80.5741 34.5528 0
-81.0309 34.3281 0
-82.3852 34.9255 0
-81.4264 34.1195 0
-80.3096 33.3122 0
-80.1995 33.4265 0
-81.2584 33.9022 0
-80.5526 32.3547 0
-80.7637 32.474 0
-80.8822 32.5962 0
-80.7293 32.5383 0
-80.4973 32.3722 0
-80.6676 32.8251 0
-80.9593 32.2777 0
-80.7503 32.585 0
-80.8598 32.8978 0
-80.643 32.6993 0
-81.6229 34.7383 0
-80.8697 34.9786 0
-83.1864 34.8431 0
-83.1128 34.8966 0
-83.0391 34.9501 0
-82.4746 33.9057 0
-79.214 33.8276 0
-80.7011 33.5393 0
-81.2569 34.5284 0
-79.5782 33.7746 0
-79.8797 33.5774 0
-82.6985 34.6807 0
-80.6771 33.8435 0
-80.0269 33.3989 0
-81.7957 34.1346 0
-81.5852 34.1766 0
-81.8071 34.0217 0
-81.8417 34.7763 0
-81.956 34.4643 0
-81.8699 34.3559 0
-81.7107 34.0264 0
-81.3319 34.477 0
-81.8821 34.7905 0
-81.4848 34.7283 0
-80.3592 34.0772 0
-80.9692 34.2661 0
-81.0052 33.1465 0
-81.0093 33.5763 0
-79.741 33.4049 0
-81.0353 34.4083 0
-80.3931 32.5647 0
-81.153 33.7464 0
-81.1183 33.8118 0
-81.1155 34.7919 0
-79.6235 33.2798 0
-82.3885 34.2639 0
-81.2474 33.3916 0
-80.4233 34.2197 0
-82.0671 34.8942 0
-80.3114 34.3352 0
-80.1624 34.5159 0
-80.6858 34.4366 0
-80.8627 34.4628 0
-82.783 34.3207 0
-82.7813 34.5142 0
-80.8172 34.7221 0
-82.1925 34.0018 0
-82.0253 34.6058 0
-82.0855 34.1199 0
-82.3516 34.5236 0
-82.6175 34.6533 0
-82.6246 34.0733 0
-82.6552 34.1999 0
-82.8697 34.6215 0
-79.8047 34.2989 0
-79.8858 34.4097 0
-79.9725 34.6814 0
-82.27 34.9643 0
-80.9876 33.5292 0
-81.4278 33.2247 0
-81.1228 33.8916 0
-81.0908 32.6358 0
-80.4105 32.5326 0
-81.9651 33.8056 0
-81.6494 33.6931 0
-81.3645 33.4345 0
-81.7172 33.5621 0
-81.1946 33.1391 0
-81.6942 33.7869 0
-81.2316 33.7753 0
-81.8463 33.4919 0
-81.7622 33.3844 0
-81.0745 33.7175 0
-82.1589 34.8086 0
-80.8722 34.2696 0
-80.549 33.1303 0
-80.361 33.6454 0
-80.5987 33.814 0
-81.4621 34.6809 0
-81.3418 34.6377 0
-79.0572 33.6057 0
-82.3011 34.6232 0
-80.6948 33.811 0
-81.1088 33.3016 0
-81.5262 33.5709 0
-81.977 33.9651 0
-79.9042 34.3772 0
-82.1674 34.421 0
-82.3919 34.5375 0
-80.1142 34.26 0
-81.847 34.3088 0
-81.0353 34.0551 0
-81.8939 34.9515 0
-79.9551 32.9398 0
-79.9933 32.9548 0
-80.6744 34.196 0
-81.8923 34.1298 0
-80.9787 33.7211 0
-80.4323 33.5157 0
-81.2381 33.2327 0
-81.3719 34.4914 0
-82.942 34.7623 0
-79.3101 33.8265 0
-82.7704 34.8217 0
-82.7131 34.8414 0
-80.3856 34.7194 0
-80.6973 33.4597 0
-80.9346 33.9787 0
-81.2256 33.3447 0
-81.8014 35.037 0
-81.7085 35.1223 0
-81.2683 35.0444 0
-81.4529 35.15 0
-78.983 33.8139 0
-80.2709 33.2973 0
-80.8205 32.1095 0
-81.8587 34.4691 0
-79.9492 33.9593 0
-81.5627 34.1295 0
-81.8359 34.6959 0
-81.7378 34.9753 0
-80.0216 33.2399 0
-80.6474 33.2067 0
-80.9451 33.0852 0
-80.8451 33.3591 0
-80.439 33.6751 0
-80.7635 33.2505 0
-80.3821 33.6927 0
-80.0395 33.2077 0
-80.1879 33.1088 0
-80.8118 33.074 0
-80.6016 33.0334 0
-82.6081 34.1064 0
-79.7796 33.4201 0
-79.5485 33.3288 0
-80.6139 34.5676 0
-80.2949 33.424 0
-80.356 33.9972 0
-80.6861 33.2213 0
-81.3938 33.2898 0
-78.9469 34.038 0
-82.7665 34.354 0
-82.7648 34.5475 0
-78.9288 34.1503 0
-80.563 33.0187 0
-81.9619 34.5445 0
-81.8184 33.909 0
-81.0571 33.7502 0
-80.142 33.9548 0
-79.9962 34.2146 0
-82.0687 34.1529 0
-80.7076 34.4842 0
-79.3353 33.1253 0
-81.0614 33.4786 0
-81.0484 33.5908 0
-81.5126 33.9554 0
-82.2253 35.1448 0
-81.3215 34.9452 0
-81.8749 33.8902 0
-79.8521 33.2913 0
-79.9547 33.528 0
-79.1778 33.9719 0
-79.9576 33.0191 0
-79.7207 33.3576 0
-79.6947 33.8205 0
-79.0009 33.7019 0
-79.5523 33.4879 0
-79.3766 33.2995 0
-79.4636 33.8084 0
-80.9161 34.3645 0
-81.2537 33.8224 0
-82.4222 34.6648 0
-81.1209 32.8405 0
